"subjID"	"trial"	"choice"	"outcome"
1	1	1	-1
1	2	1	1
1	3	2	1
1	4	2	1
1	5	2	-1
1	6	2	1
1	7	2	1
1	8	2	-1
1	9	2	1
1	10	2	1
1	11	1	-1
1	12	1	1
1	13	2	1
1	14	1	-1
1	15	2	-1
1	16	2	1
1	17	2	1
1	18	2	1
1	19	2	-1
1	20	2	1
1	21	2	1
1	22	1	1
1	23	2	1
1	24	1	1
1	25	2	1
1	26	2	1
1	27	1	1
1	28	1	-1
1	29	1	1
1	30	2	1
1	31	2	1
1	32	2	1
1	33	2	1
1	34	1	1
1	35	1	1
1	36	2	1
1	37	2	1
1	38	2	1
1	39	1	-1
1	40	1	-1
1	41	1	-1
1	42	2	1
1	43	2	1
1	44	2	1
1	45	2	1
1	46	2	1
1	47	2	1
1	48	2	1
1	49	2	1
1	50	2	1
1	51	2	-1
1	52	2	1
1	53	2	1
1	54	2	1
1	55	2	1
1	56	2	1
1	57	2	1
1	58	2	1
1	59	2	1
1	60	2	-1
1	61	1	1
1	62	1	1
1	63	1	-1
1	64	2	-1
1	65	2	-1
1	66	2	1
1	67	2	-1
1	68	1	1
1	69	1	-1
1	70	1	-1
1	71	1	-1
1	72	1	-1
1	73	2	-1
1	74	1	-1
1	75	2	1
1	76	2	-1
1	77	2	-1
1	78	1	-1
1	79	2	-1
1	80	2	-1
1	81	2	1
1	82	1	1
1	83	2	1
1	84	1	1
1	85	2	1
1	86	2	1
1	87	2	1
1	88	1	1
1	89	1	-1
1	90	1	1
1	91	1	1
1	92	2	1
1	93	2	-1
1	94	1	-1
1	95	2	1
1	96	2	1
1	97	2	1
1	98	2	1
1	99	2	-1
1	100	2	1
2	1	2	1
2	2	1	-1
2	3	2	1
2	4	2	1
2	5	2	1
2	6	2	-1
2	7	2	1
2	8	1	-1
2	9	2	1
2	10	1	1
2	11	2	1
2	12	2	1
2	13	2	1
2	14	2	1
2	15	2	1
2	16	2	1
2	17	2	1
2	18	2	1
2	19	2	-1
2	20	1	1
2	21	2	1
2	22	2	1
2	23	1	-1
2	24	2	-1
2	25	1	1
2	26	1	-1
2	27	2	1
2	28	2	1
2	29	1	1
2	30	2	1
2	31	1	-1
2	32	2	1
2	33	2	-1
2	34	2	-1
2	35	1	-1
2	36	1	-1
2	37	1	-1
2	38	1	-1
2	39	2	1
2	40	2	1
2	41	2	1
2	42	2	-1
2	43	1	-1
2	44	2	1
2	45	2	1
2	46	2	1
2	47	2	1
2	48	2	1
2	49	2	1
2	50	2	1
2	51	2	1
2	52	2	1
2	53	2	-1
2	54	2	1
2	55	2	1
2	56	2	-1
2	57	2	-1
2	58	2	1
2	59	2	1
2	60	2	1
2	61	2	1
2	62	2	1
2	63	2	1
2	64	2	1
2	65	2	1
2	66	2	1
2	67	2	1
2	68	2	-1
2	69	2	1
2	70	2	1
2	71	1	1
2	72	2	1
2	73	2	1
2	74	2	1
2	75	2	-1
2	76	1	1
2	77	1	-1
2	78	2	-1
2	79	2	1
2	80	2	1
2	81	2	1
2	82	2	1
2	83	1	1
2	84	2	-1
2	85	2	1
2	86	1	1
2	87	2	-1
2	88	1	-1
2	89	2	1
2	90	2	-1
2	91	1	-1
2	92	2	1
2	93	2	-1
2	94	1	-1
2	95	2	-1
2	96	1	1
2	97	2	1
2	98	2	-1
2	99	1	1
2	100	1	-1
3	1	2	-1
3	2	2	-1
3	3	1	1
3	4	1	1
3	5	1	1
3	6	1	-1
3	7	1	1
3	8	1	1
3	9	1	1
3	10	2	-1
3	11	1	1
3	12	2	-1
3	13	1	-1
3	14	1	1
3	15	1	-1
3	16	2	1
3	17	2	1
3	18	2	1
3	19	1	-1
3	20	2	-1
3	21	2	-1
3	22	2	1
3	23	2	1
3	24	1	1
3	25	2	1
3	26	1	-1
3	27	1	-1
3	28	2	1
3	29	1	1
3	30	2	1
3	31	1	1
3	32	1	1
3	33	2	-1
3	34	2	1
3	35	2	1
3	36	1	1
3	37	1	-1
3	38	2	1
3	39	1	1
3	40	2	1
3	41	1	1
3	42	1	1
3	43	1	-1
3	44	1	1
3	45	2	1
3	46	2	1
3	47	2	1
3	48	2	1
3	49	2	1
3	50	2	-1
3	51	2	1
3	52	1	1
3	53	1	1
3	54	1	-1
3	55	1	-1
3	56	2	1
3	57	2	1
3	58	2	1
3	59	2	1
3	60	2	1
3	61	2	1
3	62	2	1
3	63	2	1
3	64	2	1
3	65	2	1
3	66	2	1
3	67	2	1
3	68	1	-1
3	69	2	1
3	70	2	-1
3	71	2	-1
3	72	2	-1
3	73	2	1
3	74	1	1
3	75	1	1
3	76	1	1
3	77	2	1
3	78	1	-1
3	79	2	1
3	80	2	1
3	81	2	1
3	82	2	-1
3	83	2	1
3	84	2	-1
3	85	1	1
3	86	2	1
3	87	2	1
3	88	1	-1
3	89	2	1
3	90	1	1
3	91	2	1
3	92	2	1
3	93	2	1
3	94	1	-1
3	95	2	1
3	96	2	1
3	97	1	1
3	98	2	1
3	99	1	-1
3	100	1	-1
4	1	1	1
4	2	1	1
4	3	2	1
4	4	2	1
4	5	1	-1
4	6	1	-1
4	7	2	1
4	8	2	1
4	9	1	1
4	10	2	1
4	11	2	-1
4	12	1	1
4	13	2	1
4	14	2	1
4	15	2	1
4	16	2	1
4	17	2	1
4	18	1	1
4	19	2	-1
4	20	2	-1
4	21	1	-1
4	22	1	-1
4	23	1	-1
4	24	2	1
4	25	1	-1
4	26	2	1
4	27	2	1
4	28	2	1
4	29	2	1
4	30	2	1
4	31	2	1
4	32	2	1
4	33	2	1
4	34	2	1
4	35	2	1
4	36	2	1
4	37	2	1
4	38	2	1
4	39	2	1
4	40	2	1
4	41	2	-1
4	42	2	1
4	43	2	1
4	44	2	1
4	45	2	-1
4	46	2	1
4	47	2	-1
4	48	2	1
4	49	2	1
4	50	1	1
4	51	2	-1
4	52	2	1
4	53	2	1
4	54	2	1
4	55	2	1
4	56	2	1
4	57	2	1
4	58	2	1
4	59	2	1
4	60	2	1
4	61	2	1
4	62	2	1
4	63	2	1
4	64	2	-1
4	65	2	1
4	66	2	1
4	67	2	1
4	68	2	1
4	69	2	1
4	70	2	1
4	71	2	-1
4	72	2	1
4	73	2	-1
4	74	2	-1
4	75	1	1
4	76	1	-1
4	77	2	1
4	78	1	-1
4	79	2	1
4	80	2	-1
4	81	2	1
4	82	2	1
4	83	2	1
4	84	2	1
4	85	2	1
4	86	2	1
4	87	2	1
4	88	2	-1
4	89	2	1
4	90	2	1
4	91	2	1
4	92	2	-1
4	93	2	1
4	94	1	-1
4	95	2	1
4	96	2	1
4	97	2	1
4	98	2	-1
4	99	2	1
4	100	1	-1
5	1	2	-1
5	2	2	1
5	3	2	1
5	4	2	1
5	5	2	1
5	6	2	1
5	7	1	-1
5	8	1	-1
5	9	2	1
5	10	2	1
5	11	2	1
5	12	2	1
5	13	2	1
5	14	2	-1
5	15	2	1
5	16	2	1
5	17	2	1
5	18	2	1
5	19	2	1
5	20	2	1
5	21	2	1
5	22	2	1
5	23	2	-1
5	24	2	1
5	25	2	1
5	26	2	1
5	27	2	1
5	28	2	1
5	29	2	-1
5	30	2	1
5	31	2	1
5	32	2	1
5	33	2	1
5	34	2	-1
5	35	2	1
5	36	2	-1
5	37	1	1
5	38	1	-1
5	39	1	1
5	40	1	1
5	41	1	1
5	42	1	-1
5	43	2	1
5	44	1	1
5	45	1	-1
5	46	2	1
5	47	2	1
5	48	2	1
5	49	2	1
5	50	2	1
5	51	2	1
5	52	1	-1
5	53	2	1
5	54	2	1
5	55	2	1
5	56	2	1
5	57	2	1
5	58	2	-1
5	59	2	1
5	60	2	1
5	61	2	1
5	62	2	1
5	63	2	1
5	64	2	1
5	65	2	1
5	66	2	1
5	67	2	1
5	68	2	1
5	69	2	1
5	70	2	1
5	71	2	1
5	72	2	1
5	73	2	1
5	74	2	1
5	75	2	1
5	76	2	1
5	77	2	1
5	78	2	1
5	79	2	1
5	80	2	1
5	81	2	1
5	82	2	1
5	83	2	1
5	84	2	-1
5	85	2	1
5	86	2	1
5	87	2	1
5	88	2	1
5	89	2	1
5	90	2	1
5	91	2	-1
5	92	2	1
5	93	2	1
5	94	2	-1
5	95	1	-1
5	96	2	1
5	97	2	1
5	98	2	1
5	99	2	1
5	100	2	1
6	1	2	1
6	2	1	1
6	3	1	-1
6	4	2	1
6	5	2	1
6	6	2	1
6	7	2	1
6	8	2	1
6	9	2	1
6	10	2	1
6	11	2	1
6	12	2	-1
6	13	1	1
6	14	2	1
6	15	2	1
6	16	2	1
6	17	1	1
6	18	2	1
6	19	2	1
6	20	2	-1
6	21	2	1
6	22	2	1
6	23	1	-1
6	24	2	-1
6	25	2	1
6	26	1	-1
6	27	2	-1
6	28	2	1
6	29	1	-1
6	30	1	1
6	31	2	1
6	32	2	1
6	33	2	1
6	34	1	1
6	35	2	1
6	36	2	1
6	37	2	1
6	38	2	-1
6	39	1	1
6	40	2	1
6	41	2	1
6	42	1	-1
6	43	2	1
6	44	2	-1
6	45	1	-1
6	46	2	1
6	47	2	1
6	48	2	-1
6	49	2	1
6	50	1	-1
6	51	2	1
6	52	2	1
6	53	2	1
6	54	2	1
6	55	2	1
6	56	2	1
6	57	2	1
6	58	2	1
6	59	2	1
6	60	2	-1
6	61	1	1
6	62	2	1
6	63	2	1
6	64	2	1
6	65	2	1
6	66	2	-1
6	67	2	1
6	68	2	1
6	69	2	-1
6	70	2	1
6	71	2	1
6	72	2	1
6	73	2	1
6	74	2	1
6	75	2	1
6	76	2	1
6	77	2	1
6	78	2	1
6	79	2	-1
6	80	1	-1
6	81	2	1
6	82	2	1
6	83	2	-1
6	84	2	1
6	85	2	1
6	86	1	1
6	87	2	1
6	88	1	-1
6	89	2	1
6	90	2	-1
6	91	1	1
6	92	1	1
6	93	1	-1
6	94	2	1
6	95	1	-1
6	96	1	1
6	97	1	1
6	98	2	1
6	99	2	1
6	100	2	-1
7	1	1	-1
7	2	2	1
7	3	2	1
7	4	2	1
7	5	1	1
7	6	2	-1
7	7	1	-1
7	8	1	1
7	9	1	1
7	10	1	1
7	11	2	1
7	12	2	1
7	13	1	1
7	14	2	-1
7	15	1	-1
7	16	1	-1
7	17	2	1
7	18	1	-1
7	19	2	-1
7	20	1	-1
7	21	1	-1
7	22	2	-1
7	23	1	1
7	24	1	-1
7	25	1	-1
7	26	2	-1
7	27	1	1
7	28	1	-1
7	29	2	1
7	30	2	-1
7	31	1	-1
7	32	1	-1
7	33	2	-1
7	34	1	-1
7	35	2	1
7	36	2	-1
7	37	1	-1
7	38	2	1
7	39	1	-1
7	40	1	-1
7	41	1	-1
7	42	1	-1
7	43	2	1
7	44	2	1
7	45	2	1
7	46	2	1
7	47	2	1
7	48	2	1
7	49	1	-1
7	50	2	-1
7	51	2	1
7	52	2	1
7	53	1	-1
7	54	2	1
7	55	2	1
7	56	2	1
7	57	2	-1
7	58	2	-1
7	59	2	-1
7	60	2	-1
7	61	2	-1
7	62	1	1
7	63	1	-1
7	64	2	1
7	65	2	1
7	66	2	1
7	67	2	1
7	68	2	1
7	69	2	1
7	70	1	-1
7	71	2	1
7	72	2	1
7	73	2	1
7	74	2	1
7	75	2	1
7	76	2	1
7	77	2	1
7	78	2	1
7	79	2	1
7	80	2	1
7	81	2	1
7	82	2	1
7	83	2	1
7	84	2	1
7	85	2	-1
7	86	2	1
7	87	1	-1
7	88	2	-1
7	89	1	1
7	90	1	1
7	91	2	-1
7	92	2	-1
7	93	1	1
7	94	1	-1
7	95	1	-1
7	96	2	1
7	97	2	-1
7	98	2	1
7	99	1	1
7	100	2	-1
8	1	2	1
8	2	2	1
8	3	2	1
8	4	1	-1
8	5	2	1
8	6	2	1
8	7	2	1
8	8	2	1
8	9	2	-1
8	10	2	-1
8	11	2	-1
8	12	1	1
8	13	2	1
8	14	1	-1
8	15	1	1
8	16	1	1
8	17	2	-1
8	18	1	-1
8	19	1	1
8	20	2	1
8	21	1	-1
8	22	2	1
8	23	2	1
8	24	2	1
8	25	1	-1
8	26	2	1
8	27	2	1
8	28	2	-1
8	29	2	1
8	30	2	1
8	31	2	1
8	32	2	1
8	33	1	-1
8	34	2	1
8	35	2	-1
8	36	2	1
8	37	2	-1
8	38	2	1
8	39	2	1
8	40	2	-1
8	41	2	-1
8	42	1	-1
8	43	2	-1
8	44	2	1
8	45	2	1
8	46	2	1
8	47	2	1
8	48	2	1
8	49	1	1
8	50	2	1
8	51	2	1
8	52	2	1
8	53	2	1
8	54	2	1
8	55	2	1
8	56	2	1
8	57	2	-1
8	58	1	-1
8	59	2	1
8	60	1	1
8	61	1	1
8	62	1	1
8	63	2	1
8	64	1	-1
8	65	2	1
8	66	1	1
8	67	2	1
8	68	2	1
8	69	2	1
8	70	2	1
8	71	2	1
8	72	2	1
8	73	2	1
8	74	2	1
8	75	2	1
8	76	2	1
8	77	2	1
8	78	2	-1
8	79	2	1
8	80	1	1
8	81	2	1
8	82	1	-1
8	83	2	1
8	84	2	1
8	85	1	1
8	86	2	-1
8	87	1	-1
8	88	2	1
8	89	2	1
8	90	2	1
8	91	1	-1
8	92	2	-1
8	93	2	1
8	94	1	-1
8	95	2	1
8	96	2	1
8	97	2	1
8	98	2	1
8	99	2	-1
8	100	2	1
9	1	1	1
9	2	1	1
9	3	1	-1
9	4	2	1
9	5	2	-1
9	6	2	1
9	7	1	-1
9	8	1	-1
9	9	2	1
9	10	2	-1
9	11	2	1
9	12	2	1
9	13	2	1
9	14	2	1
9	15	2	1
9	16	2	-1
9	17	2	1
9	18	2	-1
9	19	2	1
9	20	2	1
9	21	2	1
9	22	2	1
9	23	2	1
9	24	2	1
9	25	2	1
9	26	2	1
9	27	2	1
9	28	2	-1
9	29	2	1
9	30	1	1
9	31	2	1
9	32	2	1
9	33	2	1
9	34	1	-1
9	35	2	1
9	36	2	1
9	37	2	1
9	38	2	1
9	39	2	1
9	40	2	1
9	41	2	1
9	42	2	-1
9	43	2	1
9	44	2	1
9	45	2	1
9	46	2	1
9	47	2	1
9	48	2	1
9	49	2	1
9	50	2	1
9	51	1	-1
9	52	2	1
9	53	2	-1
9	54	2	1
9	55	2	-1
9	56	2	1
9	57	2	-1
9	58	1	1
9	59	1	1
9	60	1	1
9	61	1	-1
9	62	1	1
9	63	2	1
9	64	1	-1
9	65	2	-1
9	66	2	-1
9	67	1	1
9	68	2	1
9	69	2	1
9	70	2	1
9	71	2	1
9	72	1	-1
9	73	1	1
9	74	2	1
9	75	2	1
9	76	2	1
9	77	2	1
9	78	2	1
9	79	2	1
9	80	2	-1
9	81	2	1
9	82	2	1
9	83	2	1
9	84	1	1
9	85	2	1
9	86	1	1
9	87	2	1
9	88	1	1
9	89	2	-1
9	90	1	1
9	91	2	1
9	92	2	1
9	93	1	1
9	94	2	1
9	95	2	-1
9	96	1	-1
9	97	2	1
9	98	2	1
9	99	2	1
9	100	1	1
10	1	2	1
10	2	2	1
10	3	1	1
10	4	2	1
10	5	2	1
10	6	2	1
10	7	1	-1
10	8	2	1
10	9	2	1
10	10	1	1
10	11	1	-1
10	12	2	1
10	13	2	-1
10	14	1	1
10	15	2	1
10	16	2	1
10	17	1	-1
10	18	2	1
10	19	2	1
10	20	2	1
10	21	2	-1
10	22	1	-1
10	23	2	1
10	24	2	1
10	25	2	1
10	26	2	1
10	27	2	1
10	28	2	-1
10	29	2	1
10	30	2	1
10	31	2	1
10	32	2	1
10	33	2	1
10	34	2	1
10	35	1	-1
10	36	2	1
10	37	2	1
10	38	2	1
10	39	2	1
10	40	2	1
10	41	2	1
10	42	2	1
10	43	2	1
10	44	2	1
10	45	2	1
10	46	2	1
10	47	2	-1
10	48	2	1
10	49	2	1
10	50	2	1
10	51	2	1
10	52	2	1
10	53	2	-1
10	54	1	-1
10	55	2	-1
10	56	2	1
10	57	2	1
10	58	2	1
10	59	2	1
10	60	2	1
10	61	2	1
10	62	1	-1
10	63	2	1
10	64	2	1
10	65	2	1
10	66	2	1
10	67	2	1
10	68	2	1
10	69	2	1
10	70	2	-1
10	71	2	-1
10	72	2	1
10	73	2	-1
10	74	2	1
10	75	1	1
10	76	2	1
10	77	1	1
10	78	2	-1
10	79	2	1
10	80	2	1
10	81	2	1
10	82	2	-1
10	83	2	1
10	84	1	-1
10	85	2	1
10	86	2	1
10	87	2	-1
10	88	1	-1
10	89	2	1
10	90	2	1
10	91	2	1
10	92	2	1
10	93	2	1
10	94	2	-1
10	95	1	-1
10	96	2	1
10	97	2	-1
10	98	2	1
10	99	2	-1
10	100	2	1
11	1	2	1
11	2	1	1
11	3	1	-1
11	4	1	-1
11	5	2	1
11	6	2	1
11	7	1	-1
11	8	2	1
11	9	2	-1
11	10	2	-1
11	11	1	1
11	12	2	-1
11	13	2	1
11	14	1	-1
11	15	2	1
11	16	2	-1
11	17	2	1
11	18	2	-1
11	19	1	-1
11	20	2	1
11	21	2	1
11	22	1	-1
11	23	1	-1
11	24	2	1
11	25	2	1
11	26	2	1
11	27	2	1
11	28	2	1
11	29	1	1
11	30	2	1
11	31	2	1
11	32	2	1
11	33	2	1
11	34	2	1
11	35	2	1
11	36	2	-1
11	37	2	-1
11	38	2	-1
11	39	1	-1
11	40	2	1
11	41	1	1
11	42	2	-1
11	43	1	-1
11	44	2	1
11	45	2	1
11	46	1	1
11	47	2	1
11	48	2	1
11	49	1	-1
11	50	2	1
11	51	2	1
11	52	1	-1
11	53	2	-1
11	54	1	1
11	55	2	-1
11	56	2	1
11	57	2	1
11	58	2	-1
11	59	1	-1
11	60	1	1
11	61	1	1
11	62	1	1
11	63	2	1
11	64	2	1
11	65	2	1
11	66	2	1
11	67	2	1
11	68	2	1
11	69	2	1
11	70	2	1
11	71	2	1
11	72	2	1
11	73	2	1
11	74	2	1
11	75	2	1
11	76	2	1
11	77	2	-1
11	78	2	1
11	79	2	1
11	80	2	1
11	81	2	1
11	82	2	1
11	83	1	-1
11	84	2	-1
11	85	2	1
11	86	1	-1
11	87	2	1
11	88	2	1
11	89	2	1
11	90	2	1
11	91	2	-1
11	92	1	-1
11	93	1	1
11	94	1	-1
11	95	2	1
11	96	2	1
11	97	2	1
11	98	2	1
11	99	2	1
11	100	2	1
12	1	1	-1
12	2	2	-1
12	3	1	1
12	4	2	1
12	5	2	1
12	6	1	1
12	7	2	1
12	8	2	1
12	9	1	1
12	10	2	-1
12	11	1	-1
12	12	2	-1
12	13	2	1
12	14	2	1
12	15	1	-1
12	16	1	1
12	17	2	-1
12	18	2	1
12	19	1	1
12	20	2	1
12	21	2	-1
12	22	1	-1
12	23	2	1
12	24	1	1
12	25	1	1
12	26	1	1
12	27	1	-1
12	28	2	1
12	29	1	1
12	30	2	1
12	31	2	-1
12	32	1	1
12	33	1	-1
12	34	2	1
12	35	2	-1
12	36	1	-1
12	37	2	1
12	38	2	1
12	39	2	1
12	40	1	1
12	41	2	1
12	42	2	1
12	43	1	1
12	44	2	-1
12	45	1	-1
12	46	2	1
12	47	1	1
12	48	2	-1
12	49	1	-1
12	50	2	1
12	51	1	-1
12	52	2	1
12	53	2	1
12	54	2	1
12	55	2	-1
12	56	1	1
12	57	2	1
12	58	2	1
12	59	2	-1
12	60	2	1
12	61	2	1
12	62	1	1
12	63	2	1
12	64	1	-1
12	65	2	1
12	66	2	1
12	67	2	1
12	68	2	1
12	69	2	1
12	70	2	1
12	71	2	1
12	72	1	1
12	73	2	-1
12	74	1	-1
12	75	1	1
12	76	2	1
12	77	2	1
12	78	2	1
12	79	1	-1
12	80	2	1
12	81	1	1
12	82	2	-1
12	83	1	-1
12	84	2	1
12	85	1	1
12	86	1	1
12	87	2	1
12	88	2	1
12	89	2	1
12	90	2	1
12	91	1	-1
12	92	2	-1
12	93	1	-1
12	94	2	1
12	95	2	1
12	96	1	1
12	97	2	-1
12	98	1	-1
12	99	2	1
12	100	1	1
13	1	2	1
13	2	1	-1
13	3	2	1
13	4	2	1
13	5	2	1
13	6	2	1
13	7	2	1
13	8	2	1
13	9	2	1
13	10	2	1
13	11	2	1
13	12	2	1
13	13	2	-1
13	14	2	1
13	15	2	1
13	16	2	-1
13	17	1	1
13	18	1	1
13	19	2	1
13	20	2	1
13	21	1	1
13	22	2	1
13	23	1	-1
13	24	2	1
13	25	2	1
13	26	2	1
13	27	2	1
13	28	2	1
13	29	2	1
13	30	2	1
13	31	2	-1
13	32	2	-1
13	33	1	-1
13	34	2	1
13	35	2	1
13	36	2	1
13	37	2	1
13	38	2	1
13	39	2	1
13	40	2	1
13	41	2	1
13	42	2	-1
13	43	2	1
13	44	2	-1
13	45	2	1
13	46	2	1
13	47	2	1
13	48	2	1
13	49	2	1
13	50	2	1
13	51	2	1
13	52	2	1
13	53	2	1
13	54	2	1
13	55	2	-1
13	56	2	1
13	57	2	1
13	58	2	-1
13	59	2	-1
13	60	2	1
13	61	1	-1
13	62	2	1
13	63	2	1
13	64	2	1
13	65	2	1
13	66	2	1
13	67	2	-1
13	68	2	1
13	69	2	1
13	70	2	1
13	71	2	-1
13	72	2	-1
13	73	2	1
13	74	2	1
13	75	2	1
13	76	2	1
13	77	2	1
13	78	2	1
13	79	2	1
13	80	2	-1
13	81	1	-1
13	82	1	1
13	83	1	1
13	84	1	-1
13	85	1	-1
13	86	2	1
13	87	2	1
13	88	1	-1
13	89	2	1
13	90	2	1
13	91	2	-1
13	92	2	1
13	93	2	1
13	94	2	-1
13	95	1	1
13	96	2	1
13	97	2	1
13	98	2	1
13	99	2	1
13	100	2	-1
14	1	1	1
14	2	1	-1
14	3	2	1
14	4	2	1
14	5	1	1
14	6	2	1
14	7	2	1
14	8	2	1
14	9	2	1
14	10	2	-1
14	11	1	1
14	12	1	1
14	13	2	1
14	14	2	1
14	15	2	1
14	16	1	1
14	17	2	1
14	18	1	1
14	19	1	-1
14	20	1	-1
14	21	1	1
14	22	2	-1
14	23	2	1
14	24	2	-1
14	25	1	1
14	26	1	1
14	27	2	1
14	28	2	1
14	29	1	1
14	30	2	1
14	31	1	-1
14	32	2	1
14	33	2	1
14	34	1	1
14	35	2	1
14	36	2	1
14	37	2	-1
14	38	2	1
14	39	1	-1
14	40	2	1
14	41	2	1
14	42	2	-1
14	43	1	-1
14	44	2	1
14	45	2	-1
14	46	1	1
14	47	1	1
14	48	2	1
14	49	2	1
14	50	2	1
14	51	1	1
14	52	2	-1
14	53	2	1
14	54	1	-1
14	55	2	1
14	56	2	1
14	57	2	1
14	58	2	1
14	59	2	1
14	60	1	-1
14	61	2	-1
14	62	2	1
14	63	2	1
14	64	1	1
14	65	1	-1
14	66	1	-1
14	67	2	1
14	68	1	1
14	69	1	-1
14	70	2	1
14	71	1	-1
14	72	2	1
14	73	2	-1
14	74	2	1
14	75	1	-1
14	76	1	1
14	77	2	1
14	78	2	1
14	79	1	1
14	80	1	1
14	81	1	-1
14	82	2	-1
14	83	2	1
14	84	1	-1
14	85	2	1
14	86	2	1
14	87	2	1
14	88	2	1
14	89	1	1
14	90	1	-1
14	91	2	1
14	92	2	1
14	93	1	-1
14	94	2	-1
14	95	2	1
14	96	2	1
14	97	1	1
14	98	1	-1
14	99	2	1
14	100	1	1
15	1	2	1
15	2	1	-1
15	3	2	1
15	4	1	-1
15	5	1	-1
15	6	2	1
15	7	2	1
15	8	2	1
15	9	1	1
15	10	2	1
15	11	2	1
15	12	2	1
15	13	2	1
15	14	2	1
15	15	2	1
15	16	2	1
15	17	2	1
15	18	1	-1
15	19	2	1
15	20	2	1
15	21	2	1
15	22	2	1
15	23	1	1
15	24	2	1
15	25	1	1
15	26	2	1
15	27	2	1
15	28	1	-1
15	29	2	1
15	30	2	1
15	31	1	-1
15	32	1	1
15	33	1	1
15	34	2	-1
15	35	1	1
15	36	2	-1
15	37	1	1
15	38	1	-1
15	39	2	-1
15	40	1	-1
15	41	2	1
15	42	2	-1
15	43	1	-1
15	44	2	1
15	45	1	1
15	46	1	-1
15	47	2	1
15	48	2	1
15	49	2	1
15	50	2	1
15	51	2	1
15	52	2	-1
15	53	2	1
15	54	2	1
15	55	2	1
15	56	2	-1
15	57	2	-1
15	58	1	1
15	59	1	-1
15	60	2	-1
15	61	1	-1
15	62	2	1
15	63	2	1
15	64	2	1
15	65	2	1
15	66	1	-1
15	67	2	1
15	68	2	1
15	69	2	1
15	70	1	-1
15	71	2	1
15	72	2	-1
15	73	2	-1
15	74	2	1
15	75	2	1
15	76	1	1
15	77	1	1
15	78	2	-1
15	79	2	1
15	80	2	1
15	81	1	-1
15	82	1	-1
15	83	1	1
15	84	1	-1
15	85	2	1
15	86	2	1
15	87	1	-1
15	88	1	-1
15	89	2	1
15	90	2	1
15	91	2	-1
15	92	2	1
15	93	2	1
15	94	2	1
15	95	2	1
15	96	1	-1
15	97	2	-1
15	98	1	-1
15	99	1	1
15	100	2	1
16	1	2	1
16	2	2	1
16	3	2	-1
16	4	2	1
16	5	2	1
16	6	2	1
16	7	2	-1
16	8	1	-1
16	9	2	1
16	10	2	1
16	11	2	1
16	12	2	1
16	13	2	1
16	14	2	-1
16	15	2	-1
16	16	2	1
16	17	2	1
16	18	2	1
16	19	2	1
16	20	2	1
16	21	2	1
16	22	2	1
16	23	2	1
16	24	2	1
16	25	2	1
16	26	2	1
16	27	2	1
16	28	2	1
16	29	2	1
16	30	2	1
16	31	2	1
16	32	2	1
16	33	2	1
16	34	2	1
16	35	2	1
16	36	2	1
16	37	2	-1
16	38	2	1
16	39	2	1
16	40	2	1
16	41	2	1
16	42	2	1
16	43	2	1
16	44	2	1
16	45	2	-1
16	46	2	-1
16	47	1	1
16	48	1	-1
16	49	2	1
16	50	2	1
16	51	2	-1
16	52	2	1
16	53	2	1
16	54	2	1
16	55	2	1
16	56	2	1
16	57	2	1
16	58	2	-1
16	59	1	1
16	60	2	-1
16	61	1	1
16	62	1	1
16	63	1	1
16	64	1	-1
16	65	2	1
16	66	1	-1
16	67	2	1
16	68	2	1
16	69	2	1
16	70	2	1
16	71	2	1
16	72	2	1
16	73	2	1
16	74	2	1
16	75	2	1
16	76	2	1
16	77	2	1
16	78	1	-1
16	79	2	1
16	80	2	-1
16	81	2	-1
16	82	1	1
16	83	1	-1
16	84	2	1
16	85	2	-1
16	86	2	1
16	87	2	-1
16	88	2	-1
16	89	1	1
16	90	1	1
16	91	1	1
16	92	1	-1
16	93	1	-1
16	94	1	1
16	95	1	-1
16	96	2	1
16	97	1	-1
16	98	2	-1
16	99	1	-1
16	100	2	-1
17	1	1	-1
17	2	2	1
17	3	1	-1
17	4	2	1
17	5	2	1
17	6	1	1
17	7	2	1
17	8	2	1
17	9	2	1
17	10	2	1
17	11	1	-1
17	12	1	1
17	13	2	-1
17	14	1	-1
17	15	2	1
17	16	1	-1
17	17	2	1
17	18	2	1
17	19	2	1
17	20	1	-1
17	21	2	1
17	22	2	1
17	23	1	1
17	24	2	1
17	25	2	1
17	26	2	1
17	27	2	1
17	28	2	-1
17	29	1	-1
17	30	2	1
17	31	1	-1
17	32	2	1
17	33	1	-1
17	34	2	1
17	35	2	1
17	36	1	-1
17	37	1	1
17	38	1	-1
17	39	2	1
17	40	2	1
17	41	2	1
17	42	1	-1
17	43	2	1
17	44	1	1
17	45	2	1
17	46	2	1
17	47	1	-1
17	48	2	1
17	49	1	-1
17	50	2	-1
17	51	2	1
17	52	2	1
17	53	2	1
17	54	2	-1
17	55	2	1
17	56	2	1
17	57	2	1
17	58	2	1
17	59	1	-1
17	60	2	1
17	61	1	-1
17	62	1	1
17	63	2	1
17	64	2	1
17	65	2	1
17	66	2	1
17	67	2	-1
17	68	2	1
17	69	1	-1
17	70	2	1
17	71	1	1
17	72	2	1
17	73	2	1
17	74	1	1
17	75	1	1
17	76	2	1
17	77	2	1
17	78	1	-1
17	79	2	-1
17	80	2	1
17	81	2	1
17	82	2	1
17	83	2	1
17	84	2	1
17	85	2	1
17	86	2	1
17	87	2	-1
17	88	1	1
17	89	2	-1
17	90	2	-1
17	91	1	-1
17	92	1	-1
17	93	2	1
17	94	2	-1
17	95	2	1
17	96	1	1
17	97	2	1
17	98	1	1
17	99	1	1
17	100	1	1
18	1	1	-1
18	2	1	1
18	3	2	1
18	4	2	-1
18	5	2	-1
18	6	2	-1
18	7	1	1
18	8	1	-1
18	9	2	-1
18	10	2	1
18	11	1	-1
18	12	2	-1
18	13	1	-1
18	14	2	1
18	15	2	1
18	16	1	1
18	17	2	1
18	18	2	-1
18	19	1	-1
18	20	1	1
18	21	1	-1
18	22	2	-1
18	23	1	-1
18	24	1	-1
18	25	2	-1
18	26	1	1
18	27	1	-1
18	28	2	1
18	29	2	1
18	30	2	1
18	31	1	1
18	32	1	-1
18	33	2	1
18	34	2	1
18	35	2	1
18	36	1	1
18	37	2	-1
18	38	1	1
18	39	1	-1
18	40	2	-1
18	41	2	1
18	42	1	-1
18	43	1	-1
18	44	2	1
18	45	2	-1
18	46	1	-1
18	47	2	1
18	48	1	1
18	49	1	-1
18	50	2	1
18	51	2	1
18	52	2	1
18	53	2	1
18	54	1	-1
18	55	1	1
18	56	2	1
18	57	1	1
18	58	1	-1
18	59	2	1
18	60	2	-1
18	61	1	1
18	62	2	1
18	63	1	-1
18	64	1	1
18	65	1	-1
18	66	1	-1
18	67	2	-1
18	68	2	-1
18	69	2	1
18	70	1	-1
18	71	2	-1
18	72	1	1
18	73	2	1
18	74	2	-1
18	75	1	1
18	76	1	1
18	77	1	1
18	78	1	1
18	79	2	1
18	80	1	1
18	81	1	1
18	82	2	1
18	83	1	-1
18	84	1	-1
18	85	1	-1
18	86	2	1
18	87	1	1
18	88	2	1
18	89	2	1
18	90	2	-1
18	91	1	-1
18	92	2	1
18	93	1	1
18	94	2	1
18	95	2	1
18	96	2	1
18	97	2	-1
18	98	1	1
18	99	2	-1
18	100	2	1
19	1	2	-1
19	2	2	1
19	3	1	-1
19	4	1	1
19	5	1	1
19	6	2	1
19	7	1	1
19	8	2	1
19	9	1	1
19	10	2	-1
19	11	2	1
19	12	2	1
19	13	1	-1
19	14	2	-1
19	15	1	-1
19	16	2	-1
19	17	1	1
19	18	2	-1
19	19	1	1
19	20	1	1
19	21	1	-1
19	22	1	1
19	23	1	-1
19	24	2	1
19	25	1	-1
19	26	2	1
19	27	2	1
19	28	1	1
19	29	2	1
19	30	1	-1
19	31	2	-1
19	32	1	-1
19	33	2	-1
19	34	2	-1
19	35	1	-1
19	36	2	1
19	37	1	-1
19	38	2	1
19	39	2	-1
19	40	2	1
19	41	2	1
19	42	2	-1
19	43	1	1
19	44	1	1
19	45	1	1
19	46	1	1
19	47	1	-1
19	48	2	1
19	49	1	-1
19	50	2	1
19	51	2	1
19	52	2	1
19	53	1	-1
19	54	2	1
19	55	2	-1
19	56	1	-1
19	57	2	1
19	58	2	1
19	59	2	1
19	60	2	-1
19	61	1	1
19	62	2	1
19	63	1	-1
19	64	1	-1
19	65	2	-1
19	66	2	-1
19	67	1	1
19	68	1	1
19	69	1	-1
19	70	1	1
19	71	1	1
19	72	1	1
19	73	1	-1
19	74	1	-1
19	75	2	1
19	76	2	1
19	77	1	-1
19	78	1	1
19	79	2	1
19	80	2	1
19	81	2	1
19	82	1	1
19	83	1	-1
19	84	2	-1
19	85	2	1
19	86	2	1
19	87	2	1
19	88	2	1
19	89	2	-1
19	90	2	1
19	91	2	1
19	92	2	1
19	93	1	-1
19	94	2	1
19	95	2	-1
19	96	2	1
19	97	2	1
19	98	2	-1
19	99	2	1
19	100	2	1
20	1	1	1
20	2	1	-1
20	3	2	1
20	4	2	1
20	5	1	1
20	6	2	1
20	7	2	1
20	8	2	1
20	9	2	1
20	10	1	1
20	11	2	1
20	12	2	1
20	13	2	1
20	14	2	-1
20	15	1	1
20	16	1	-1
20	17	2	1
20	18	1	-1
20	19	2	1
20	20	2	-1
20	21	2	1
20	22	2	1
20	23	2	1
20	24	2	1
20	25	2	-1
20	26	2	-1
20	27	2	1
20	28	1	-1
20	29	2	1
20	30	2	1
20	31	2	-1
20	32	2	1
20	33	2	-1
20	34	2	1
20	35	2	1
20	36	2	-1
20	37	2	1
20	38	2	1
20	39	2	-1
20	40	2	1
20	41	2	-1
20	42	2	1
20	43	2	1
20	44	2	1
20	45	2	1
20	46	2	1
20	47	2	1
20	48	2	-1
20	49	2	1
20	50	2	1
20	51	2	1
20	52	2	-1
20	53	2	1
20	54	2	1
20	55	2	1
20	56	2	1
20	57	2	1
20	58	2	1
20	59	2	1
20	60	2	-1
20	61	2	1
20	62	2	1
20	63	2	-1
20	64	2	1
20	65	2	1
20	66	2	-1
20	67	2	-1
20	68	2	1
20	69	2	1
20	70	2	-1
20	71	2	-1
20	72	2	1
20	73	2	1
20	74	2	1
20	75	2	-1
20	76	2	1
20	77	2	1
20	78	2	1
20	79	2	1
20	80	2	-1
20	81	2	1
20	82	2	1
20	83	2	1
20	84	2	-1
20	85	2	-1
20	86	2	1
20	87	2	1
20	88	2	1
20	89	2	1
20	90	2	1
20	91	2	1
20	92	2	1
20	93	2	1
20	94	2	1
20	95	2	1
20	96	2	1
20	97	2	1
20	98	2	1
20	99	2	-1
20	100	2	-1
21	1	2	1
21	2	2	1
21	3	1	-1
21	4	1	1
21	5	1	-1
21	6	2	1
21	7	2	-1
21	8	2	1
21	9	2	1
21	10	1	-1
21	11	2	1
21	12	2	-1
21	13	2	1
21	14	2	1
21	15	2	1
21	16	2	1
21	17	2	1
21	18	2	1
21	19	2	1
21	20	2	1
21	21	2	1
21	22	2	1
21	23	2	1
21	24	2	1
21	25	2	1
21	26	2	1
21	27	2	-1
21	28	1	-1
21	29	2	1
21	30	2	1
21	31	2	1
21	32	1	1
21	33	2	1
21	34	2	-1
21	35	1	1
21	36	2	1
21	37	2	-1
21	38	1	1
21	39	1	1
21	40	1	1
21	41	1	-1
21	42	1	-1
21	43	2	1
21	44	2	1
21	45	1	1
21	46	2	1
21	47	2	-1
21	48	2	1
21	49	1	1
21	50	1	-1
21	51	2	1
21	52	1	-1
21	53	2	1
21	54	2	1
21	55	2	-1
21	56	2	1
21	57	2	1
21	58	2	1
21	59	2	-1
21	60	2	1
21	61	1	-1
21	62	1	1
21	63	2	-1
21	64	2	-1
21	65	1	-1
21	66	1	-1
21	67	2	1
21	68	2	1
21	69	2	-1
21	70	2	1
21	71	1	1
21	72	2	1
21	73	2	-1
21	74	1	1
21	75	1	-1
21	76	2	-1
21	77	2	-1
21	78	1	1
21	79	1	1
21	80	1	-1
21	81	2	1
21	82	1	-1
21	83	2	1
21	84	2	1
21	85	2	-1
21	86	2	1
21	87	2	1
21	88	2	1
21	89	2	1
21	90	2	1
21	91	2	1
21	92	2	1
21	93	2	1
21	94	2	1
21	95	2	1
21	96	2	1
21	97	2	1
21	98	2	1
21	99	2	1
21	100	1	1
22	1	2	1
22	2	1	1
22	3	1	1
22	4	1	-1
22	5	2	1
22	6	1	1
22	7	1	1
22	8	2	1
22	9	2	1
22	10	1	-1
22	11	1	1
22	12	1	1
22	13	1	-1
22	14	2	1
22	15	2	1
22	16	2	1
22	17	2	1
22	18	1	1
22	19	1	-1
22	20	2	1
22	21	2	1
22	22	2	1
22	23	1	1
22	24	1	1
22	25	1	1
22	26	2	1
22	27	2	1
22	28	1	-1
22	29	1	-1
22	30	2	1
22	31	2	1
22	32	2	1
22	33	2	-1
22	34	1	-1
22	35	2	1
22	36	1	1
22	37	1	-1
22	38	2	1
22	39	2	1
22	40	2	1
22	41	2	1
22	42	2	1
22	43	1	1
22	44	2	1
22	45	2	1
22	46	2	1
22	47	2	1
22	48	1	-1
22	49	2	-1
22	50	2	1
22	51	2	1
22	52	2	1
22	53	2	1
22	54	2	1
22	55	2	-1
22	56	2	1
22	57	2	1
22	58	2	1
22	59	2	1
22	60	2	1
22	61	2	1
22	62	2	1
22	63	2	1
22	64	1	-1
22	65	2	1
22	66	2	1
22	67	2	1
22	68	2	1
22	69	2	-1
22	70	2	-1
22	71	2	1
22	72	2	1
22	73	2	1
22	74	2	1
22	75	1	-1
22	76	2	-1
22	77	2	1
22	78	2	1
22	79	2	1
22	80	2	-1
22	81	2	1
22	82	2	1
22	83	2	1
22	84	2	-1
22	85	1	-1
22	86	2	1
22	87	2	1
22	88	2	1
22	89	2	-1
22	90	1	1
22	91	2	1
22	92	2	-1
22	93	1	-1
22	94	1	-1
22	95	1	1
22	96	1	1
22	97	1	-1
22	98	1	1
22	99	2	1
22	100	2	1
23	1	2	1
23	2	2	-1
23	3	1	-1
23	4	1	1
23	5	1	1
23	6	1	-1
23	7	1	-1
23	8	2	1
23	9	2	1
23	10	2	1
23	11	2	-1
23	12	2	1
23	13	1	1
23	14	1	-1
23	15	2	-1
23	16	2	1
23	17	2	1
23	18	2	1
23	19	2	1
23	20	2	1
23	21	2	1
23	22	2	-1
23	23	2	1
23	24	2	1
23	25	2	1
23	26	2	1
23	27	2	1
23	28	2	1
23	29	2	1
23	30	2	1
23	31	2	-1
23	32	2	1
23	33	2	1
23	34	2	1
23	35	2	1
23	36	2	1
23	37	2	1
23	38	2	1
23	39	2	1
23	40	2	1
23	41	2	-1
23	42	2	-1
23	43	2	1
23	44	2	1
23	45	2	1
23	46	2	1
23	47	2	-1
23	48	2	1
23	49	2	-1
23	50	2	1
23	51	1	1
23	52	2	-1
23	53	1	1
23	54	1	-1
23	55	2	1
23	56	2	1
23	57	2	-1
23	58	1	1
23	59	1	-1
23	60	1	-1
23	61	2	-1
23	62	2	-1
23	63	2	1
23	64	2	1
23	65	1	-1
23	66	2	1
23	67	2	1
23	68	2	1
23	69	2	1
23	70	2	1
23	71	2	1
23	72	2	1
23	73	2	1
23	74	2	1
23	75	2	1
23	76	2	-1
23	77	2	1
23	78	2	-1
23	79	2	1
23	80	2	1
23	81	2	-1
23	82	2	1
23	83	2	1
23	84	2	1
23	85	2	1
23	86	2	1
23	87	2	-1
23	88	2	1
23	89	2	-1
23	90	2	1
23	91	2	1
23	92	2	1
23	93	2	1
23	94	2	1
23	95	2	1
23	96	2	1
23	97	2	-1
23	98	2	1
23	99	2	1
23	100	2	1
24	1	1	-1
24	2	2	-1
24	3	2	1
24	4	2	1
24	5	2	1
24	6	1	-1
24	7	2	1
24	8	2	1
24	9	2	1
24	10	2	1
24	11	2	1
24	12	2	-1
24	13	2	1
24	14	2	1
24	15	2	1
24	16	2	1
24	17	2	1
24	18	2	1
24	19	2	1
24	20	2	1
24	21	2	-1
24	22	1	1
24	23	2	-1
24	24	2	1
24	25	2	1
24	26	1	1
24	27	1	-1
24	28	1	1
24	29	1	1
24	30	2	1
24	31	2	1
24	32	1	-1
24	33	2	1
24	34	2	-1
24	35	2	1
24	36	1	-1
24	37	2	1
24	38	1	1
24	39	2	-1
24	40	2	-1
24	41	2	-1
24	42	1	-1
24	43	2	-1
24	44	2	-1
24	45	1	-1
24	46	2	1
24	47	2	-1
24	48	1	-1
24	49	1	-1
24	50	2	-1
24	51	1	1
24	52	2	1
24	53	2	1
24	54	2	1
24	55	1	-1
24	56	2	-1
24	57	2	1
24	58	2	1
24	59	2	-1
24	60	2	1
24	61	2	1
24	62	2	-1
24	63	1	1
24	64	2	1
24	65	2	1
24	66	1	-1
24	67	2	1
24	68	2	1
24	69	2	1
24	70	2	1
24	71	2	1
24	72	2	-1
24	73	2	1
24	74	1	1
24	75	2	1
24	76	1	-1
24	77	2	1
24	78	2	1
24	79	2	1
24	80	2	1
24	81	2	1
24	82	2	-1
24	83	2	1
24	84	1	-1
24	85	1	-1
24	86	2	1
24	87	2	1
24	88	2	1
24	89	2	1
24	90	2	-1
24	91	2	1
24	92	2	1
24	93	2	1
24	94	2	1
24	95	2	1
24	96	2	1
24	97	2	-1
24	98	2	1
24	99	2	1
24	100	1	-1
25	1	1	-1
25	2	2	-1
25	3	1	1
25	4	1	1
25	5	2	1
25	6	1	-1
25	7	1	1
25	8	1	-1
25	9	1	-1
25	10	2	1
25	11	2	1
25	12	1	1
25	13	2	-1
25	14	2	1
25	15	2	1
25	16	1	-1
25	17	2	-1
25	18	2	1
25	19	2	1
25	20	2	1
25	21	1	1
25	22	2	1
25	23	2	1
25	24	2	1
25	25	1	-1
25	26	2	1
25	27	2	1
25	28	2	1
25	29	2	1
25	30	2	1
25	31	2	1
25	32	2	1
25	33	2	-1
25	34	1	-1
25	35	1	-1
25	36	2	1
25	37	2	-1
25	38	2	1
25	39	2	-1
25	40	2	1
25	41	2	1
25	42	2	1
25	43	2	-1
25	44	2	-1
25	45	2	1
25	46	2	-1
25	47	1	1
25	48	1	-1
25	49	2	1
25	50	2	-1
25	51	2	1
25	52	2	1
25	53	2	1
25	54	1	1
25	55	2	1
25	56	1	-1
25	57	2	1
25	58	2	-1
25	59	2	1
25	60	2	1
25	61	2	1
25	62	1	-1
25	63	2	-1
25	64	2	-1
25	65	2	-1
25	66	2	1
25	67	2	1
25	68	2	1
25	69	2	1
25	70	2	1
25	71	2	1
25	72	2	1
25	73	2	1
25	74	2	1
25	75	2	-1
25	76	2	1
25	77	2	1
25	78	2	1
25	79	2	1
25	80	2	1
25	81	2	1
25	82	2	1
25	83	2	1
25	84	2	-1
25	85	2	1
25	86	2	1
25	87	2	1
25	88	2	1
25	89	2	1
25	90	2	1
25	91	2	1
25	92	2	1
25	93	2	-1
25	94	2	-1
25	95	2	1
25	96	2	-1
25	97	1	-1
25	98	1	1
25	99	2	1
25	100	1	-1
26	1	1	-1
26	2	2	1
26	3	2	1
26	4	2	1
26	5	2	1
26	6	2	1
26	7	2	1
26	8	2	1
26	9	2	1
26	10	2	1
26	11	2	1
26	12	2	1
26	13	2	1
26	14	2	1
26	15	1	-1
26	16	2	-1
26	17	2	1
26	18	2	1
26	19	2	1
26	20	2	1
26	21	2	-1
26	22	2	1
26	23	2	1
26	24	2	1
26	25	2	1
26	26	2	1
26	27	2	1
26	28	2	1
26	29	2	1
26	30	2	1
26	31	2	-1
26	32	2	-1
26	33	2	1
26	34	1	1
26	35	2	1
26	36	2	-1
26	37	2	1
26	38	1	-1
26	39	2	1
26	40	2	1
26	41	2	1
26	42	2	1
26	43	2	1
26	44	2	1
26	45	2	1
26	46	2	1
26	47	2	1
26	48	2	1
26	49	2	1
26	50	2	1
26	51	2	-1
26	52	1	1
26	53	2	1
26	54	1	-1
26	55	2	1
26	56	2	1
26	57	2	1
26	58	2	-1
26	59	2	1
26	60	2	1
26	61	2	1
26	62	2	1
26	63	2	1
26	64	2	-1
26	65	2	1
26	66	2	1
26	67	2	1
26	68	2	1
26	69	2	1
26	70	2	1
26	71	2	1
26	72	2	1
26	73	2	1
26	74	2	-1
26	75	2	1
26	76	2	1
26	77	2	1
26	78	2	1
26	79	2	1
26	80	2	1
26	81	2	1
26	82	2	-1
26	83	2	1
26	84	1	-1
26	85	2	1
26	86	1	1
26	87	1	1
26	88	2	1
26	89	2	1
26	90	1	1
26	91	2	1
26	92	2	1
26	93	1	-1
26	94	2	1
26	95	2	1
26	96	2	1
26	97	2	1
26	98	1	-1
26	99	2	1
26	100	2	1
27	1	2	1
27	2	2	1
27	3	2	-1
27	4	2	1
27	5	2	-1
27	6	1	1
27	7	1	1
27	8	2	1
27	9	1	-1
27	10	2	1
27	11	2	1
27	12	2	1
27	13	2	1
27	14	2	1
27	15	2	1
27	16	2	-1
27	17	2	1
27	18	2	1
27	19	2	1
27	20	2	1
27	21	2	1
27	22	2	1
27	23	2	1
27	24	2	1
27	25	2	1
27	26	2	1
27	27	2	1
27	28	2	1
27	29	2	1
27	30	2	1
27	31	2	1
27	32	1	-1
27	33	2	1
27	34	2	1
27	35	2	1
27	36	2	1
27	37	2	1
27	38	2	-1
27	39	2	1
27	40	2	1
27	41	2	1
27	42	2	-1
27	43	2	1
27	44	2	1
27	45	2	-1
27	46	2	1
27	47	2	1
27	48	2	1
27	49	2	1
27	50	2	-1
27	51	2	1
27	52	1	1
27	53	2	-1
27	54	1	-1
27	55	1	-1
27	56	2	1
27	57	2	1
27	58	2	1
27	59	2	1
27	60	2	1
27	61	2	1
27	62	1	-1
27	63	2	1
27	64	2	1
27	65	2	1
27	66	2	1
27	67	2	-1
27	68	2	1
27	69	2	-1
27	70	2	1
27	71	2	1
27	72	2	1
27	73	2	-1
27	74	2	1
27	75	2	1
27	76	2	1
27	77	2	-1
27	78	2	1
27	79	2	1
27	80	2	1
27	81	2	-1
27	82	2	1
27	83	2	-1
27	84	2	1
27	85	2	1
27	86	2	1
27	87	2	1
27	88	2	1
27	89	2	1
27	90	2	1
27	91	2	1
27	92	2	1
27	93	2	1
27	94	2	1
27	95	2	1
27	96	2	1
27	97	2	1
27	98	2	1
27	99	2	1
27	100	1	-1
28	1	1	-1
28	2	2	1
28	3	2	1
28	4	1	-1
28	5	2	1
28	6	2	-1
28	7	2	1
28	8	2	1
28	9	2	1
28	10	2	1
28	11	2	1
28	12	2	1
28	13	1	1
28	14	2	1
28	15	1	-1
28	16	2	-1
28	17	2	1
28	18	2	1
28	19	2	1
28	20	2	1
28	21	1	-1
28	22	2	1
28	23	2	-1
28	24	2	1
28	25	2	1
28	26	2	1
28	27	1	-1
28	28	1	-1
28	29	1	-1
28	30	2	-1
28	31	1	1
28	32	2	1
28	33	2	1
28	34	2	1
28	35	1	1
28	36	2	-1
28	37	2	1
28	38	2	1
28	39	2	1
28	40	2	1
28	41	2	-1
28	42	1	-1
28	43	1	-1
28	44	1	-1
28	45	1	1
28	46	2	1
28	47	2	1
28	48	2	1
28	49	1	-1
28	50	2	-1
28	51	1	1
28	52	2	1
28	53	2	-1
28	54	2	-1
28	55	1	-1
28	56	2	1
28	57	1	-1
28	58	1	-1
28	59	2	-1
28	60	1	-1
28	61	2	1
28	62	1	1
28	63	2	1
28	64	2	1
28	65	2	1
28	66	2	1
28	67	2	1
28	68	2	1
28	69	2	1
28	70	1	-1
28	71	2	-1
28	72	1	1
28	73	2	1
28	74	2	1
28	75	1	1
28	76	1	-1
28	77	2	1
28	78	2	1
28	79	2	1
28	80	2	1
28	81	1	-1
28	82	2	1
28	83	2	1
28	84	2	1
28	85	2	1
28	86	2	-1
28	87	2	-1
28	88	2	1
28	89	2	1
28	90	2	1
28	91	1	-1
28	92	2	1
28	93	2	1
28	94	2	1
28	95	1	1
28	96	2	1
28	97	2	1
28	98	2	1
28	99	2	-1
28	100	2	1
29	1	2	1
29	2	1	1
29	3	2	1
29	4	2	1
29	5	2	1
29	6	1	1
29	7	2	1
29	8	2	-1
29	9	1	-1
29	10	2	-1
29	11	1	-1
29	12	2	1
29	13	1	1
29	14	2	1
29	15	2	1
29	16	2	-1
29	17	1	1
29	18	1	-1
29	19	1	1
29	20	1	-1
29	21	1	1
29	22	1	-1
29	23	2	1
29	24	2	1
29	25	1	-1
29	26	2	1
29	27	2	1
29	28	2	1
29	29	2	-1
29	30	1	-1
29	31	2	1
29	32	2	1
29	33	2	1
29	34	2	1
29	35	2	-1
29	36	2	1
29	37	2	1
29	38	2	1
29	39	2	1
29	40	2	1
29	41	2	1
29	42	2	1
29	43	2	1
29	44	2	1
29	45	2	1
29	46	2	1
29	47	2	1
29	48	2	1
29	49	2	1
29	50	2	1
29	51	2	1
29	52	2	1
29	53	2	1
29	54	2	1
29	55	2	1
29	56	2	1
29	57	2	1
29	58	2	1
29	59	2	1
29	60	2	-1
29	61	2	1
29	62	2	1
29	63	2	1
29	64	2	1
29	65	2	1
29	66	2	1
29	67	2	1
29	68	2	1
29	69	2	1
29	70	2	1
29	71	2	1
29	72	2	1
29	73	2	1
29	74	2	-1
29	75	2	-1
29	76	2	1
29	77	2	1
29	78	2	1
29	79	2	1
29	80	2	1
29	81	2	1
29	82	2	1
29	83	2	1
29	84	2	1
29	85	2	1
29	86	2	1
29	87	2	1
29	88	2	1
29	89	2	-1
29	90	2	1
29	91	2	-1
29	92	2	1
29	93	2	1
29	94	2	1
29	95	2	1
29	96	2	1
29	97	2	1
29	98	2	1
29	99	2	-1
29	100	1	1
30	1	1	1
30	2	1	-1
30	3	2	1
30	4	1	1
30	5	2	1
30	6	1	1
30	7	1	-1
30	8	2	1
30	9	1	-1
30	10	2	1
30	11	2	1
30	12	1	1
30	13	2	1
30	14	2	-1
30	15	2	-1
30	16	1	1
30	17	1	-1
30	18	1	1
30	19	2	1
30	20	2	1
30	21	2	-1
30	22	1	-1
30	23	1	1
30	24	1	1
30	25	1	1
30	26	1	-1
30	27	1	1
30	28	1	1
30	29	1	1
30	30	1	-1
30	31	2	1
30	32	2	-1
30	33	2	1
30	34	1	-1
30	35	2	1
30	36	2	1
30	37	2	1
30	38	2	1
30	39	2	1
30	40	2	1
30	41	2	-1
30	42	1	-1
30	43	2	1
30	44	2	1
30	45	2	1
30	46	2	1
30	47	2	1
30	48	2	1
30	49	2	-1
30	50	2	-1
30	51	2	1
30	52	2	1
30	53	2	-1
30	54	2	1
30	55	2	1
30	56	2	1
30	57	2	-1
30	58	1	-1
30	59	1	1
30	60	1	-1
30	61	2	1
30	62	2	1
30	63	1	1
30	64	2	-1
30	65	1	1
30	66	1	1
30	67	1	1
30	68	1	1
30	69	1	1
30	70	1	-1
30	71	1	1
30	72	2	1
30	73	2	1
30	74	1	-1
30	75	2	1
30	76	1	1
30	77	1	1
30	78	2	-1
30	79	2	1
30	80	1	1
30	81	2	1
30	82	2	1
30	83	2	1
30	84	1	1
30	85	1	1
30	86	1	1
30	87	1	1
30	88	1	-1
30	89	2	1
30	90	2	-1
30	91	2	1
30	92	1	-1
30	93	1	-1
30	94	2	1
30	95	2	1
30	96	2	1
30	97	1	1
30	98	2	1
30	99	2	1
30	100	1	-1
