"subjID"	"trial"	"choice"	"outcome"
1	1	2	-1
1	2	1	-1
1	3	2	1
1	4	2	1
1	5	2	1
1	6	2	1
1	7	2	1
1	8	2	1
1	9	2	1
1	10	2	1
1	11	2	1
1	12	2	1
1	13	2	1
1	14	2	1
1	15	2	1
1	16	2	1
1	17	2	1
1	18	2	1
1	19	2	1
1	20	2	1
1	21	2	1
1	22	2	-1
1	23	2	1
1	24	2	1
1	25	2	1
1	26	2	-1
1	27	2	1
1	28	2	1
1	29	2	1
1	30	2	1
1	31	1	1
1	32	2	-1
1	33	1	-1
1	34	1	-1
1	35	2	1
1	36	2	1
1	37	2	1
1	38	2	1
1	39	2	1
1	40	2	1
1	41	2	1
1	42	2	-1
1	43	1	-1
1	44	2	1
1	45	2	1
1	46	2	1
1	47	2	1
1	48	2	1
1	49	2	1
1	50	2	1
1	51	2	1
1	52	2	1
1	53	2	1
1	54	2	1
1	55	2	1
1	56	2	1
1	57	2	1
1	58	2	1
1	59	2	1
1	60	2	1
1	61	2	1
1	62	2	1
1	63	2	-1
1	64	2	1
1	65	2	-1
1	66	2	1
1	67	2	-1
1	68	1	1
1	69	1	1
1	70	1	-1
1	71	1	-1
1	72	2	1
1	73	2	-1
1	74	1	-1
1	75	2	1
1	76	1	-1
1	77	1	-1
1	78	2	1
1	79	2	-1
1	80	2	-1
1	81	2	1
1	82	1	1
1	83	2	1
1	84	2	-1
1	85	1	1
1	86	1	-1
1	87	2	1
1	88	1	-1
1	89	2	1
1	90	2	1
1	91	2	1
1	92	2	1
1	93	1	-1
1	94	2	1
1	95	2	1
1	96	2	1
1	97	2	1
1	98	1	-1
1	99	2	1
1	100	2	1
1	101	2	1
1	102	2	1
1	103	2	1
1	104	2	1
1	105	1	-1
1	106	2	1
1	107	2	-1
1	108	1	-1
1	109	1	1
1	110	1	1
1	111	1	-1
1	112	2	1
1	113	2	1
1	114	2	1
1	115	2	1
1	116	2	1
1	117	2	1
1	118	2	-1
1	119	1	-1
1	120	2	1
1	121	2	1
1	122	2	1
1	123	2	1
1	124	2	1
1	125	2	-1
1	126	2	-1
1	127	2	-1
1	128	2	1
1	129	2	1
1	130	2	1
1	131	2	1
1	132	2	1
1	133	2	-1
1	134	2	1
1	135	2	-1
1	136	2	1
1	137	2	1
1	138	2	1
1	139	2	1
1	140	2	-1
1	141	2	1
1	142	1	1
1	143	2	1
1	144	2	-1
1	145	1	1
1	146	2	1
1	147	2	1
1	148	2	1
1	149	2	1
1	150	1	1
1	151	2	1
1	152	2	1
1	153	2	1
1	154	2	1
1	155	2	1
1	156	2	1
1	157	2	1
1	158	2	1
1	159	2	-1
1	160	1	-1
1	161	1	-1
1	162	1	1
1	163	1	-1
1	164	2	1
1	165	2	1
1	166	2	-1
1	167	2	1
1	168	2	1
1	169	1	-1
1	170	1	1
1	171	2	1
1	172	1	-1
1	173	2	1
1	174	2	1
1	175	1	1
1	176	2	1
1	177	2	1
1	178	2	1
1	179	2	-1
1	180	1	-1
1	181	1	1
1	182	2	1
1	183	2	-1
1	184	2	-1
1	185	1	-1
1	186	2	1
1	187	2	1
1	188	2	1
1	189	2	-1
1	190	2	1
1	191	1	1
1	192	2	1
1	193	1	-1
1	194	2	-1
1	195	2	-1
1	196	2	1
1	197	2	1
1	198	2	1
1	199	1	1
1	200	1	1
1	201	1	1
1	202	1	-1
1	203	1	-1
1	204	2	1
1	205	2	1
1	206	2	1
1	207	2	1
1	208	2	1
1	209	2	1
1	210	1	-1
1	211	2	1
1	212	2	1
1	213	2	-1
1	214	2	1
1	215	2	1
1	216	2	-1
1	217	2	-1
1	218	2	1
1	219	2	1
1	220	2	1
1	221	2	1
1	222	2	1
1	223	2	1
1	224	2	1
1	225	2	1
1	226	2	1
1	227	2	1
1	228	2	-1
1	229	2	1
1	230	1	1
1	231	1	-1
1	232	1	1
1	233	2	1
1	234	2	1
1	235	2	-1
1	236	2	-1
1	237	1	1
1	238	2	-1
1	239	1	1
1	240	1	1
1	241	1	1
1	242	2	1
1	243	1	-1
1	244	2	-1
1	245	2	1
1	246	2	1
1	247	1	1
1	248	2	-1
1	249	1	1
1	250	1	1
1	251	1	1
1	252	1	-1
1	253	1	1
1	254	1	-1
1	255	1	1
1	256	1	-1
1	257	2	1
1	258	1	-1
1	259	2	1
1	260	2	-1
1	261	1	-1
1	262	1	1
1	263	2	1
1	264	2	1
1	265	2	1
1	266	2	1
1	267	2	1
1	268	2	1
1	269	2	1
1	270	1	-1
1	271	2	1
1	272	1	1
1	273	2	1
1	274	2	1
1	275	2	1
1	276	1	-1
1	277	2	1
1	278	2	1
1	279	1	1
1	280	2	-1
1	281	2	1
1	282	1	1
1	283	2	-1
1	284	2	1
1	285	2	1
1	286	1	-1
1	287	1	1
1	288	2	1
1	289	1	1
1	290	2	1
1	291	1	-1
1	292	2	1
1	293	2	1
1	294	1	1
1	295	1	1
1	296	1	-1
1	297	2	-1
1	298	2	-1
1	299	2	1
1	300	2	1
2	1	1	1
2	2	1	1
2	3	1	1
2	4	2	1
2	5	2	1
2	6	1	-1
2	7	1	-1
2	8	2	1
2	9	2	1
2	10	2	-1
2	11	2	1
2	12	1	1
2	13	2	1
2	14	2	1
2	15	2	1
2	16	2	1
2	17	1	-1
2	18	2	1
2	19	2	1
2	20	2	-1
2	21	2	1
2	22	2	1
2	23	2	1
2	24	2	1
2	25	2	1
2	26	2	-1
2	27	2	-1
2	28	1	1
2	29	2	-1
2	30	2	1
2	31	1	-1
2	32	2	-1
2	33	2	1
2	34	2	1
2	35	2	-1
2	36	1	-1
2	37	2	1
2	38	2	-1
2	39	1	1
2	40	1	1
2	41	1	-1
2	42	1	-1
2	43	1	-1
2	44	2	1
2	45	1	-1
2	46	2	1
2	47	2	-1
2	48	2	1
2	49	2	1
2	50	2	-1
2	51	2	1
2	52	2	1
2	53	2	1
2	54	2	-1
2	55	1	-1
2	56	2	1
2	57	2	1
2	58	2	1
2	59	2	1
2	60	2	-1
2	61	2	1
2	62	2	1
2	63	2	1
2	64	2	1
2	65	2	1
2	66	2	1
2	67	2	1
2	68	2	1
2	69	2	1
2	70	2	1
2	71	2	1
2	72	2	-1
2	73	2	1
2	74	2	1
2	75	2	-1
2	76	1	1
2	77	2	1
2	78	2	1
2	79	2	1
2	80	2	1
2	81	2	-1
2	82	2	1
2	83	2	1
2	84	2	1
2	85	2	1
2	86	2	1
2	87	2	1
2	88	2	1
2	89	2	1
2	90	2	1
2	91	2	1
2	92	2	1
2	93	2	-1
2	94	2	1
2	95	1	1
2	96	2	1
2	97	2	1
2	98	2	1
2	99	2	1
2	100	2	-1
2	101	2	1
2	102	2	1
2	103	2	-1
2	104	1	1
2	105	2	1
2	106	2	1
2	107	1	1
2	108	2	1
2	109	2	1
2	110	2	1
2	111	1	1
2	112	2	1
2	113	1	-1
2	114	1	-1
2	115	2	-1
2	116	2	1
2	117	2	1
2	118	2	-1
2	119	2	1
2	120	2	1
2	121	1	1
2	122	2	1
2	123	2	1
2	124	2	1
2	125	2	1
2	126	2	1
2	127	2	1
2	128	2	-1
2	129	2	1
2	130	2	1
2	131	1	1
2	132	1	-1
2	133	2	1
2	134	2	1
2	135	2	1
2	136	2	1
2	137	2	1
2	138	2	1
2	139	2	1
2	140	2	1
2	141	2	-1
2	142	2	-1
2	143	2	1
2	144	2	1
2	145	2	1
2	146	1	1
2	147	1	-1
2	148	2	-1
2	149	2	1
2	150	2	1
2	151	1	-1
2	152	2	1
2	153	2	1
2	154	2	1
2	155	2	1
2	156	2	1
2	157	2	1
2	158	1	1
2	159	2	1
2	160	2	1
2	161	2	-1
2	162	2	1
2	163	2	1
2	164	2	1
2	165	2	1
2	166	2	1
2	167	2	1
2	168	2	1
2	169	2	1
2	170	2	1
2	171	2	1
2	172	2	1
2	173	1	1
2	174	2	-1
2	175	2	1
2	176	2	1
2	177	2	1
2	178	2	1
2	179	2	1
2	180	2	1
2	181	2	1
2	182	2	1
2	183	2	-1
2	184	1	-1
2	185	2	1
2	186	2	1
2	187	1	-1
2	188	2	1
2	189	2	-1
2	190	2	1
2	191	2	1
2	192	2	1
2	193	2	1
2	194	2	-1
2	195	2	1
2	196	2	-1
2	197	2	1
2	198	1	-1
2	199	2	-1
2	200	2	1
2	201	2	1
2	202	2	1
2	203	2	1
2	204	2	1
2	205	2	1
2	206	2	1
2	207	2	1
2	208	2	1
2	209	2	1
2	210	2	1
2	211	2	1
2	212	2	1
2	213	2	1
2	214	2	1
2	215	2	1
2	216	2	1
2	217	2	1
2	218	2	-1
2	219	2	1
2	220	1	1
2	221	2	1
2	222	2	1
2	223	2	1
2	224	2	1
2	225	2	1
2	226	2	1
2	227	2	1
2	228	2	1
2	229	2	1
2	230	2	1
2	231	2	1
2	232	2	1
2	233	2	1
2	234	2	1
2	235	2	1
2	236	2	1
2	237	2	1
2	238	2	1
2	239	2	1
2	240	2	1
2	241	2	1
2	242	2	1
2	243	2	1
2	244	2	-1
2	245	2	1
2	246	2	1
2	247	2	1
2	248	2	1
2	249	2	1
2	250	2	1
2	251	2	-1
2	252	2	1
2	253	2	1
2	254	2	-1
2	255	1	1
2	256	1	-1
2	257	1	1
2	258	2	1
2	259	2	1
2	260	1	1
2	261	2	1
2	262	2	-1
2	263	2	-1
2	264	1	1
2	265	1	-1
2	266	2	1
2	267	2	-1
2	268	1	1
2	269	1	1
2	270	1	-1
2	271	1	-1
2	272	2	1
2	273	1	-1
2	274	2	1
2	275	2	1
2	276	2	-1
2	277	1	1
2	278	2	-1
2	279	1	1
2	280	1	-1
2	281	1	-1
2	282	2	1
2	283	1	1
2	284	1	-1
2	285	2	1
2	286	1	-1
2	287	2	1
2	288	2	1
2	289	2	1
2	290	2	1
2	291	2	1
2	292	2	1
2	293	2	1
2	294	1	1
2	295	2	1
2	296	2	1
2	297	2	-1
2	298	2	-1
2	299	1	-1
2	300	1	1
3	1	1	1
3	2	2	1
3	3	1	-1
3	4	2	1
3	5	2	1
3	6	2	1
3	7	2	1
3	8	2	1
3	9	1	-1
3	10	2	1
3	11	2	1
3	12	2	1
3	13	2	-1
3	14	2	1
3	15	2	1
3	16	2	1
3	17	2	1
3	18	2	1
3	19	2	1
3	20	2	1
3	21	2	1
3	22	1	1
3	23	2	1
3	24	1	1
3	25	2	1
3	26	1	1
3	27	2	1
3	28	2	1
3	29	2	1
3	30	2	-1
3	31	1	-1
3	32	2	-1
3	33	2	1
3	34	2	1
3	35	2	-1
3	36	1	-1
3	37	2	1
3	38	2	1
3	39	2	1
3	40	2	1
3	41	2	1
3	42	2	-1
3	43	2	1
3	44	2	-1
3	45	1	-1
3	46	2	1
3	47	2	-1
3	48	2	1
3	49	2	-1
3	50	2	-1
3	51	1	1
3	52	1	1
3	53	1	-1
3	54	2	1
3	55	2	1
3	56	2	1
3	57	2	1
3	58	2	1
3	59	2	-1
3	60	2	1
3	61	2	1
3	62	2	-1
3	63	2	1
3	64	2	1
3	65	2	1
3	66	2	-1
3	67	2	1
3	68	2	1
3	69	2	-1
3	70	2	1
3	71	2	1
3	72	2	-1
3	73	2	1
3	74	1	-1
3	75	2	1
3	76	2	-1
3	77	2	1
3	78	1	-1
3	79	2	1
3	80	2	-1
3	81	2	1
3	82	2	1
3	83	2	1
3	84	2	1
3	85	2	1
3	86	2	1
3	87	2	1
3	88	2	1
3	89	2	-1
3	90	2	1
3	91	2	1
3	92	2	-1
3	93	1	-1
3	94	2	1
3	95	2	1
3	96	2	1
3	97	2	-1
3	98	1	1
3	99	1	-1
3	100	2	1
3	101	2	1
3	102	1	-1
3	103	2	1
3	104	2	1
3	105	2	1
3	106	2	1
3	107	2	1
3	108	2	-1
3	109	2	1
3	110	2	1
3	111	2	1
3	112	2	1
3	113	2	1
3	114	2	1
3	115	2	1
3	116	2	1
3	117	2	1
3	118	2	1
3	119	2	1
3	120	2	1
3	121	2	1
3	122	2	-1
3	123	2	-1
3	124	2	1
3	125	2	1
3	126	2	1
3	127	2	1
3	128	2	1
3	129	2	1
3	130	2	1
3	131	2	1
3	132	2	-1
3	133	2	1
3	134	2	1
3	135	2	1
3	136	2	1
3	137	2	1
3	138	2	1
3	139	2	1
3	140	2	1
3	141	2	-1
3	142	2	1
3	143	2	-1
3	144	1	1
3	145	2	-1
3	146	1	-1
3	147	1	-1
3	148	1	1
3	149	1	1
3	150	2	1
3	151	1	1
3	152	1	1
3	153	2	1
3	154	1	-1
3	155	2	1
3	156	2	1
3	157	2	1
3	158	2	1
3	159	2	-1
3	160	1	-1
3	161	2	1
3	162	2	1
3	163	2	1
3	164	2	1
3	165	1	1
3	166	2	1
3	167	2	1
3	168	2	1
3	169	2	-1
3	170	1	1
3	171	2	-1
3	172	1	-1
3	173	2	1
3	174	1	1
3	175	2	1
3	176	1	1
3	177	2	-1
3	178	2	1
3	179	1	1
3	180	2	1
3	181	2	-1
3	182	1	1
3	183	1	-1
3	184	1	-1
3	185	2	1
3	186	2	1
3	187	2	1
3	188	1	-1
3	189	2	1
3	190	2	1
3	191	2	1
3	192	2	1
3	193	2	1
3	194	2	1
3	195	2	-1
3	196	2	1
3	197	2	-1
3	198	2	1
3	199	2	1
3	200	2	-1
3	201	2	-1
3	202	1	1
3	203	1	1
3	204	1	-1
3	205	1	1
3	206	1	-1
3	207	2	1
3	208	2	1
3	209	2	-1
3	210	1	1
3	211	1	1
3	212	1	1
3	213	2	1
3	214	1	-1
3	215	1	-1
3	216	2	1
3	217	1	1
3	218	2	1
3	219	2	1
3	220	2	-1
3	221	1	1
3	222	2	1
3	223	2	1
3	224	2	1
3	225	1	-1
3	226	1	-1
3	227	1	1
3	228	2	1
3	229	2	1
3	230	2	1
3	231	2	1
3	232	2	1
3	233	2	1
3	234	2	1
3	235	2	1
3	236	2	1
3	237	2	1
3	238	2	-1
3	239	2	1
3	240	1	-1
3	241	2	1
3	242	2	1
3	243	2	1
3	244	2	1
3	245	2	1
3	246	1	-1
3	247	2	1
3	248	2	1
3	249	2	1
3	250	2	1
3	251	2	-1
3	252	2	-1
3	253	1	1
3	254	1	1
3	255	2	1
3	256	1	-1
3	257	2	1
3	258	2	1
3	259	2	-1
3	260	2	1
3	261	2	1
3	262	2	1
3	263	2	1
3	264	1	-1
3	265	2	1
3	266	2	1
3	267	1	1
3	268	2	1
3	269	2	1
3	270	2	1
3	271	2	1
3	272	2	1
3	273	2	1
3	274	2	1
3	275	2	-1
3	276	2	1
3	277	2	1
3	278	1	1
3	279	2	1
3	280	2	-1
3	281	2	1
3	282	1	-1
3	283	2	1
3	284	2	1
3	285	2	-1
3	286	2	1
3	287	2	1
3	288	2	1
3	289	2	1
3	290	1	-1
3	291	2	1
3	292	2	1
3	293	2	-1
3	294	1	1
3	295	1	1
3	296	2	1
3	297	2	1
3	298	2	1
3	299	2	1
3	300	1	1
4	1	2	1
4	2	2	1
4	3	1	-1
4	4	1	1
4	5	2	1
4	6	1	-1
4	7	2	1
4	8	2	1
4	9	1	-1
4	10	2	1
4	11	2	1
4	12	1	1
4	13	2	1
4	14	1	-1
4	15	2	1
4	16	2	1
4	17	2	1
4	18	2	1
4	19	2	1
4	20	1	-1
4	21	1	-1
4	22	2	-1
4	23	2	-1
4	24	2	1
4	25	2	1
4	26	2	1
4	27	2	1
4	28	2	1
4	29	2	1
4	30	2	1
4	31	2	-1
4	32	2	1
4	33	2	1
4	34	2	1
4	35	2	-1
4	36	2	1
4	37	1	1
4	38	2	1
4	39	2	1
4	40	2	1
4	41	2	1
4	42	2	1
4	43	1	1
4	44	1	1
4	45	2	1
4	46	1	1
4	47	2	1
4	48	2	1
4	49	2	1
4	50	1	-1
4	51	2	1
4	52	1	1
4	53	1	-1
4	54	2	1
4	55	2	-1
4	56	2	1
4	57	1	1
4	58	2	1
4	59	2	1
4	60	2	1
4	61	2	-1
4	62	2	1
4	63	1	1
4	64	2	1
4	65	2	-1
4	66	2	1
4	67	2	1
4	68	2	-1
4	69	1	-1
4	70	2	1
4	71	2	-1
4	72	2	-1
4	73	2	1
4	74	2	1
4	75	2	1
4	76	1	-1
4	77	2	1
4	78	1	1
4	79	1	1
4	80	1	-1
4	81	1	-1
4	82	2	1
4	83	2	1
4	84	1	1
4	85	1	1
4	86	1	-1
4	87	2	1
4	88	1	-1
4	89	2	1
4	90	2	-1
4	91	2	1
4	92	2	1
4	93	2	1
4	94	2	1
4	95	2	-1
4	96	2	1
4	97	1	1
4	98	1	-1
4	99	2	1
4	100	1	-1
4	101	2	-1
4	102	2	1
4	103	2	1
4	104	2	1
4	105	2	1
4	106	2	1
4	107	1	1
4	108	2	1
4	109	2	1
4	110	1	-1
4	111	2	1
4	112	2	1
4	113	2	1
4	114	2	1
4	115	2	1
4	116	2	1
4	117	2	-1
4	118	2	1
4	119	2	1
4	120	1	1
4	121	2	1
4	122	2	1
4	123	1	-1
4	124	2	1
4	125	2	1
4	126	1	1
4	127	2	1
4	128	2	-1
4	129	2	1
4	130	1	1
4	131	2	1
4	132	1	1
4	133	2	1
4	134	2	1
4	135	1	1
4	136	1	-1
4	137	2	1
4	138	2	1
4	139	2	1
4	140	2	1
4	141	1	-1
4	142	1	1
4	143	2	1
4	144	2	1
4	145	1	-1
4	146	2	1
4	147	2	-1
4	148	2	1
4	149	2	1
4	150	2	-1
4	151	2	-1
4	152	1	1
4	153	2	-1
4	154	1	1
4	155	2	1
4	156	1	1
4	157	1	-1
4	158	2	1
4	159	2	1
4	160	2	1
4	161	1	-1
4	162	1	-1
4	163	1	-1
4	164	2	1
4	165	2	1
4	166	2	1
4	167	2	1
4	168	2	1
4	169	2	-1
4	170	1	1
4	171	2	1
4	172	1	1
4	173	2	1
4	174	2	1
4	175	1	1
4	176	2	-1
4	177	1	-1
4	178	2	-1
4	179	2	1
4	180	2	1
4	181	1	1
4	182	2	1
4	183	2	1
4	184	2	1
4	185	2	1
4	186	1	1
4	187	2	1
4	188	1	1
4	189	2	1
4	190	2	1
4	191	1	-1
4	192	2	1
4	193	2	1
4	194	2	1
4	195	1	1
4	196	2	-1
4	197	1	-1
4	198	2	-1
4	199	2	1
4	200	2	1
4	201	2	1
4	202	2	-1
4	203	1	-1
4	204	1	-1
4	205	2	1
4	206	2	-1
4	207	2	1
4	208	1	-1
4	209	2	1
4	210	1	1
4	211	2	1
4	212	2	-1
4	213	2	-1
4	214	2	1
4	215	1	1
4	216	1	1
4	217	2	1
4	218	1	-1
4	219	1	1
4	220	1	-1
4	221	2	-1
4	222	2	1
4	223	2	1
4	224	2	1
4	225	2	1
4	226	1	-1
4	227	2	1
4	228	1	-1
4	229	2	1
4	230	2	1
4	231	2	1
4	232	2	1
4	233	1	1
4	234	2	1
4	235	1	1
4	236	2	1
4	237	2	-1
4	238	2	1
4	239	2	1
4	240	2	1
4	241	2	1
4	242	1	1
4	243	2	1
4	244	1	-1
4	245	2	1
4	246	2	1
4	247	2	1
4	248	2	1
4	249	2	1
4	250	2	1
4	251	2	-1
4	252	1	1
4	253	2	1
4	254	2	1
4	255	2	1
4	256	1	-1
4	257	1	1
4	258	2	1
4	259	2	1
4	260	2	1
4	261	2	-1
4	262	2	-1
4	263	2	1
4	264	1	-1
4	265	1	-1
4	266	1	1
4	267	2	-1
4	268	2	1
4	269	1	-1
4	270	2	1
4	271	2	-1
4	272	2	1
4	273	2	-1
4	274	2	1
4	275	2	1
4	276	1	-1
4	277	2	1
4	278	2	1
4	279	2	1
4	280	2	1
4	281	2	1
4	282	2	-1
4	283	2	-1
4	284	1	1
4	285	1	1
4	286	2	1
4	287	2	-1
4	288	2	1
4	289	1	-1
4	290	2	1
4	291	2	1
4	292	2	1
4	293	2	1
4	294	2	1
4	295	2	1
4	296	2	1
4	297	2	1
4	298	2	1
4	299	2	-1
4	300	1	-1
5	1	1	-1
5	2	2	-1
5	3	2	1
5	4	2	1
5	5	2	1
5	6	2	1
5	7	2	1
5	8	2	1
5	9	2	1
5	10	2	1
5	11	2	1
5	12	2	-1
5	13	2	1
5	14	2	1
5	15	2	-1
5	16	2	1
5	17	2	1
5	18	2	1
5	19	2	1
5	20	2	1
5	21	2	-1
5	22	2	1
5	23	2	1
5	24	2	1
5	25	2	1
5	26	2	1
5	27	2	1
5	28	2	1
5	29	2	1
5	30	2	1
5	31	2	-1
5	32	2	1
5	33	2	1
5	34	2	1
5	35	1	1
5	36	2	1
5	37	2	1
5	38	2	1
5	39	2	1
5	40	2	-1
5	41	2	-1
5	42	2	-1
5	43	1	1
5	44	2	1
5	45	1	1
5	46	1	1
5	47	1	-1
5	48	1	-1
5	49	1	-1
5	50	2	1
5	51	2	1
5	52	2	1
5	53	1	1
5	54	2	1
5	55	2	-1
5	56	2	1
5	57	2	1
5	58	2	1
5	59	2	1
5	60	2	1
5	61	1	-1
5	62	2	1
5	63	2	-1
5	64	2	1
5	65	2	-1
5	66	2	1
5	67	2	1
5	68	2	1
5	69	1	-1
5	70	1	1
5	71	2	1
5	72	2	1
5	73	2	1
5	74	2	-1
5	75	2	1
5	76	2	1
5	77	2	1
5	78	2	-1
5	79	1	-1
5	80	2	1
5	81	2	1
5	82	2	1
5	83	2	1
5	84	2	1
5	85	2	-1
5	86	1	1
5	87	2	-1
5	88	2	1
5	89	2	1
5	90	1	-1
5	91	2	1
5	92	2	1
5	93	1	-1
5	94	2	1
5	95	2	1
5	96	2	-1
5	97	2	1
5	98	2	1
5	99	1	-1
5	100	2	1
5	101	2	1
5	102	2	1
5	103	2	1
5	104	1	1
5	105	2	-1
5	106	2	-1
5	107	1	-1
5	108	2	1
5	109	2	1
5	110	2	1
5	111	2	-1
5	112	2	1
5	113	2	1
5	114	2	1
5	115	2	1
5	116	2	1
5	117	2	1
5	118	2	1
5	119	2	1
5	120	2	1
5	121	2	1
5	122	2	1
5	123	2	1
5	124	2	1
5	125	2	1
5	126	2	1
5	127	2	1
5	128	2	1
5	129	2	1
5	130	2	1
5	131	2	1
5	132	2	1
5	133	2	1
5	134	2	-1
5	135	2	1
5	136	2	-1
5	137	2	1
5	138	2	1
5	139	1	1
5	140	1	1
5	141	2	1
5	142	2	1
5	143	2	-1
5	144	2	1
5	145	1	-1
5	146	2	-1
5	147	2	1
5	148	2	-1
5	149	2	-1
5	150	1	1
5	151	1	1
5	152	1	1
5	153	2	1
5	154	1	1
5	155	1	1
5	156	1	-1
5	157	1	-1
5	158	2	1
5	159	1	1
5	160	1	-1
5	161	2	1
5	162	2	1
5	163	1	-1
5	164	2	1
5	165	2	1
5	166	2	1
5	167	2	1
5	168	2	1
5	169	2	1
5	170	2	-1
5	171	2	1
5	172	2	-1
5	173	2	1
5	174	2	1
5	175	2	1
5	176	2	1
5	177	2	1
5	178	2	1
5	179	2	1
5	180	2	1
5	181	2	1
5	182	2	-1
5	183	2	1
5	184	2	-1
5	185	2	-1
5	186	1	-1
5	187	2	1
5	188	2	1
5	189	2	1
5	190	2	1
5	191	2	1
5	192	2	1
5	193	2	1
5	194	2	-1
5	195	2	1
5	196	1	1
5	197	2	-1
5	198	2	1
5	199	1	-1
5	200	2	1
5	201	2	1
5	202	2	-1
5	203	2	1
5	204	2	1
5	205	1	1
5	206	1	-1
5	207	2	1
5	208	2	1
5	209	2	1
5	210	2	1
5	211	2	-1
5	212	1	1
5	213	2	1
5	214	2	1
5	215	2	1
5	216	1	1
5	217	1	1
5	218	2	1
5	219	2	1
5	220	1	1
5	221	1	1
5	222	2	1
5	223	1	-1
5	224	2	1
5	225	2	1
5	226	2	1
5	227	2	1
5	228	2	1
5	229	2	-1
5	230	2	1
5	231	2	1
5	232	1	1
5	233	1	-1
5	234	2	1
5	235	2	1
5	236	1	1
5	237	1	-1
5	238	1	-1
5	239	2	1
5	240	2	1
5	241	2	1
5	242	2	-1
5	243	2	1
5	244	2	1
5	245	2	1
5	246	2	1
5	247	2	1
5	248	2	1
5	249	2	1
5	250	2	1
5	251	1	1
5	252	2	1
5	253	2	1
5	254	2	-1
5	255	2	1
5	256	2	1
5	257	1	1
5	258	2	1
5	259	2	1
5	260	2	1
5	261	2	1
5	262	2	1
5	263	2	1
5	264	1	1
5	265	1	1
5	266	2	1
5	267	2	1
5	268	2	1
5	269	1	-1
5	270	2	1
5	271	2	-1
5	272	2	1
5	273	2	-1
5	274	2	1
5	275	2	1
5	276	2	1
5	277	2	1
5	278	1	-1
5	279	2	1
5	280	2	-1
5	281	2	-1
5	282	2	1
5	283	1	1
5	284	1	-1
5	285	1	-1
5	286	2	1
5	287	2	1
5	288	1	1
5	289	2	1
5	290	2	1
5	291	2	1
5	292	1	-1
5	293	2	1
5	294	2	1
5	295	2	1
5	296	2	1
5	297	2	1
5	298	2	1
5	299	2	1
5	300	2	1
6	1	1	-1
6	2	1	-1
6	3	2	1
6	4	2	1
6	5	2	1
6	6	2	1
6	7	1	-1
6	8	2	1
6	9	1	-1
6	10	2	1
6	11	2	1
6	12	2	1
6	13	2	1
6	14	2	1
6	15	2	1
6	16	2	1
6	17	2	1
6	18	2	1
6	19	2	-1
6	20	2	-1
6	21	2	1
6	22	2	-1
6	23	2	1
6	24	2	1
6	25	2	-1
6	26	2	-1
6	27	2	1
6	28	2	1
6	29	1	-1
6	30	2	1
6	31	2	-1
6	32	2	1
6	33	2	1
6	34	2	1
6	35	2	1
6	36	2	1
6	37	2	-1
6	38	2	-1
6	39	2	1
6	40	2	-1
6	41	2	1
6	42	2	1
6	43	2	1
6	44	2	1
6	45	2	1
6	46	2	1
6	47	2	1
6	48	2	1
6	49	2	1
6	50	2	1
6	51	2	1
6	52	2	1
6	53	2	1
6	54	2	1
6	55	2	1
6	56	2	1
6	57	2	-1
6	58	2	-1
6	59	2	1
6	60	2	1
6	61	2	1
6	62	2	1
6	63	2	1
6	64	2	1
6	65	2	1
6	66	2	1
6	67	2	1
6	68	2	1
6	69	2	1
6	70	2	1
6	71	2	1
6	72	2	-1
6	73	2	1
6	74	2	1
6	75	2	1
6	76	2	1
6	77	2	-1
6	78	2	1
6	79	2	1
6	80	2	1
6	81	2	1
6	82	2	1
6	83	2	-1
6	84	2	-1
6	85	2	1
6	86	2	-1
6	87	2	1
6	88	1	1
6	89	2	1
6	90	2	1
6	91	2	1
6	92	2	1
6	93	2	1
6	94	2	-1
6	95	2	1
6	96	2	1
6	97	2	1
6	98	2	1
6	99	2	-1
6	100	2	1
6	101	2	1
6	102	2	1
6	103	2	1
6	104	1	1
6	105	2	-1
6	106	2	1
6	107	1	1
6	108	1	-1
6	109	2	1
6	110	2	1
6	111	2	1
6	112	1	-1
6	113	2	1
6	114	2	1
6	115	2	1
6	116	2	1
6	117	2	-1
6	118	2	1
6	119	2	1
6	120	2	1
6	121	2	1
6	122	2	-1
6	123	2	1
6	124	1	-1
6	125	2	1
6	126	2	1
6	127	2	1
6	128	2	1
6	129	2	1
6	130	2	1
6	131	2	-1
6	132	2	-1
6	133	2	-1
6	134	1	-1
6	135	2	-1
6	136	2	1
6	137	2	1
6	138	2	1
6	139	2	1
6	140	2	1
6	141	2	1
6	142	2	1
6	143	2	1
6	144	2	1
6	145	2	1
6	146	2	1
6	147	2	-1
6	148	1	1
6	149	2	1
6	150	2	1
6	151	2	1
6	152	1	-1
6	153	2	1
6	154	2	1
6	155	1	-1
6	156	2	1
6	157	2	1
6	158	2	-1
6	159	2	1
6	160	1	1
6	161	2	-1
6	162	1	-1
6	163	2	1
6	164	2	1
6	165	2	1
6	166	1	-1
6	167	2	1
6	168	2	1
6	169	2	1
6	170	2	1
6	171	2	1
6	172	2	-1
6	173	2	-1
6	174	2	1
6	175	2	1
6	176	2	1
6	177	2	1
6	178	1	-1
6	179	2	1
6	180	2	1
6	181	2	1
6	182	2	1
6	183	2	1
6	184	2	1
6	185	2	1
6	186	2	1
6	187	2	1
6	188	2	-1
6	189	2	1
6	190	2	1
6	191	2	1
6	192	2	1
6	193	2	1
6	194	2	1
6	195	2	1
6	196	2	1
6	197	2	-1
6	198	2	1
6	199	1	1
6	200	1	1
6	201	2	1
6	202	1	-1
6	203	2	1
6	204	2	1
6	205	2	1
6	206	2	1
6	207	2	1
6	208	1	1
6	209	2	-1
6	210	2	-1
6	211	1	1
6	212	1	-1
6	213	2	1
6	214	2	-1
6	215	1	1
6	216	1	-1
6	217	1	-1
6	218	2	1
6	219	2	-1
6	220	1	1
6	221	1	1
6	222	1	-1
6	223	2	1
6	224	1	1
6	225	1	1
6	226	1	1
6	227	2	-1
6	228	1	1
6	229	1	-1
6	230	1	-1
6	231	2	1
6	232	2	1
6	233	2	1
6	234	1	1
6	235	1	1
6	236	1	1
6	237	2	1
6	238	2	1
6	239	2	-1
6	240	1	1
6	241	1	1
6	242	1	1
6	243	1	-1
6	244	1	-1
6	245	2	1
6	246	2	1
6	247	2	-1
6	248	1	1
6	249	2	-1
6	250	2	-1
6	251	1	1
6	252	1	1
6	253	2	1
6	254	1	-1
6	255	1	1
6	256	2	1
6	257	2	1
6	258	1	1
6	259	2	1
6	260	2	1
6	261	2	1
6	262	2	1
6	263	1	1
6	264	2	1
6	265	1	-1
6	266	2	-1
6	267	2	1
6	268	2	1
6	269	1	1
6	270	1	-1
6	271	2	-1
6	272	1	-1
6	273	2	1
6	274	2	1
6	275	2	1
6	276	2	1
6	277	2	1
6	278	2	1
6	279	2	1
6	280	2	-1
6	281	1	1
6	282	2	1
6	283	2	-1
6	284	1	1
6	285	1	-1
6	286	1	1
6	287	1	1
6	288	1	1
6	289	1	-1
6	290	1	1
6	291	2	1
6	292	2	1
6	293	2	-1
6	294	1	-1
6	295	2	1
6	296	2	1
6	297	2	1
6	298	2	-1
6	299	1	-1
6	300	2	1
7	1	1	-1
7	2	2	1
7	3	2	-1
7	4	2	-1
7	5	1	-1
7	6	2	1
7	7	1	1
7	8	2	-1
7	9	2	1
7	10	1	-1
7	11	1	-1
7	12	2	1
7	13	2	-1
7	14	2	1
7	15	2	1
7	16	1	-1
7	17	2	1
7	18	2	1
7	19	2	1
7	20	2	1
7	21	2	-1
7	22	2	1
7	23	2	-1
7	24	2	-1
7	25	1	1
7	26	2	1
7	27	2	1
7	28	2	1
7	29	1	-1
7	30	2	1
7	31	2	1
7	32	2	1
7	33	2	1
7	34	2	1
7	35	2	1
7	36	2	1
7	37	2	1
7	38	2	-1
7	39	2	1
7	40	2	1
7	41	2	1
7	42	2	-1
7	43	2	1
7	44	2	1
7	45	2	1
7	46	2	1
7	47	2	1
7	48	2	-1
7	49	2	1
7	50	2	1
7	51	2	1
7	52	2	1
7	53	2	-1
7	54	2	1
7	55	2	1
7	56	1	-1
7	57	2	1
7	58	2	1
7	59	2	1
7	60	2	1
7	61	2	1
7	62	2	1
7	63	2	1
7	64	2	1
7	65	2	1
7	66	2	1
7	67	2	1
7	68	1	1
7	69	2	1
7	70	2	-1
7	71	2	1
7	72	2	1
7	73	2	1
7	74	2	1
7	75	2	-1
7	76	2	1
7	77	2	1
7	78	2	1
7	79	1	1
7	80	2	1
7	81	2	1
7	82	2	1
7	83	2	1
7	84	1	1
7	85	2	1
7	86	2	-1
7	87	1	-1
7	88	2	1
7	89	2	1
7	90	1	-1
7	91	2	1
7	92	2	1
7	93	2	1
7	94	2	1
7	95	2	1
7	96	2	1
7	97	1	-1
7	98	2	1
7	99	2	1
7	100	2	1
7	101	2	-1
7	102	2	1
7	103	2	1
7	104	2	-1
7	105	1	1
7	106	2	1
7	107	2	1
7	108	1	-1
7	109	2	1
7	110	2	1
7	111	2	-1
7	112	2	1
7	113	2	1
7	114	2	-1
7	115	1	1
7	116	2	1
7	117	1	-1
7	118	2	1
7	119	2	-1
7	120	2	1
7	121	2	1
7	122	2	1
7	123	2	-1
7	124	2	1
7	125	2	1
7	126	2	1
7	127	2	1
7	128	2	1
7	129	2	-1
7	130	2	1
7	131	2	-1
7	132	1	1
7	133	1	-1
7	134	2	1
7	135	2	-1
7	136	1	-1
7	137	1	-1
7	138	1	1
7	139	1	-1
7	140	2	1
7	141	2	1
7	142	2	1
7	143	2	1
7	144	2	-1
7	145	2	1
7	146	2	1
7	147	2	1
7	148	2	-1
7	149	2	1
7	150	1	-1
7	151	2	-1
7	152	2	1
7	153	2	1
7	154	2	1
7	155	2	-1
7	156	2	1
7	157	2	1
7	158	2	1
7	159	2	1
7	160	2	-1
7	161	2	1
7	162	2	1
7	163	2	1
7	164	2	1
7	165	2	1
7	166	2	1
7	167	2	1
7	168	2	1
7	169	2	1
7	170	2	1
7	171	2	1
7	172	2	1
7	173	2	1
7	174	2	-1
7	175	2	1
7	176	2	1
7	177	2	1
7	178	2	1
7	179	2	1
7	180	2	-1
7	181	2	1
7	182	2	1
7	183	2	1
7	184	2	1
7	185	2	-1
7	186	2	-1
7	187	1	-1
7	188	2	1
7	189	2	1
7	190	2	1
7	191	2	-1
7	192	2	1
7	193	2	-1
7	194	1	1
7	195	2	1
7	196	2	-1
7	197	1	1
7	198	1	1
7	199	1	1
7	200	2	1
7	201	1	1
7	202	1	1
7	203	2	1
7	204	1	-1
7	205	1	-1
7	206	2	1
7	207	1	-1
7	208	2	-1
7	209	1	1
7	210	2	1
7	211	2	1
7	212	2	-1
7	213	2	1
7	214	2	1
7	215	1	1
7	216	2	1
7	217	2	1
7	218	2	1
7	219	1	-1
7	220	2	-1
7	221	1	1
7	222	2	1
7	223	1	-1
7	224	1	-1
7	225	1	1
7	226	1	1
7	227	2	-1
7	228	2	1
7	229	1	1
7	230	2	-1
7	231	1	1
7	232	1	1
7	233	2	1
7	234	1	-1
7	235	2	-1
7	236	2	1
7	237	2	1
7	238	1	-1
7	239	1	-1
7	240	2	-1
7	241	2	1
7	242	1	-1
7	243	2	1
7	244	2	-1
7	245	1	1
7	246	2	1
7	247	2	1
7	248	2	1
7	249	2	1
7	250	2	1
7	251	2	1
7	252	2	1
7	253	2	1
7	254	2	1
7	255	2	1
7	256	2	1
7	257	2	1
7	258	2	1
7	259	2	-1
7	260	2	-1
7	261	2	1
7	262	2	1
7	263	1	1
7	264	1	1
7	265	1	-1
7	266	2	1
7	267	2	1
7	268	2	1
7	269	2	1
7	270	1	1
7	271	2	-1
7	272	2	1
7	273	2	1
7	274	2	1
7	275	2	1
7	276	2	1
7	277	2	1
7	278	2	-1
7	279	2	1
7	280	2	1
7	281	1	-1
7	282	2	1
7	283	1	-1
7	284	2	1
7	285	2	-1
7	286	2	1
7	287	2	1
7	288	1	1
7	289	2	1
7	290	2	1
7	291	1	1
7	292	1	1
7	293	2	1
7	294	2	1
7	295	1	1
7	296	2	1
7	297	2	1
7	298	2	1
7	299	2	1
7	300	2	1
8	1	2	1
8	2	2	1
8	3	2	-1
8	4	1	1
8	5	1	1
8	6	1	-1
8	7	1	-1
8	8	2	1
8	9	2	1
8	10	2	1
8	11	1	-1
8	12	2	1
8	13	2	1
8	14	2	1
8	15	2	1
8	16	2	1
8	17	2	1
8	18	2	1
8	19	2	1
8	20	2	1
8	21	2	1
8	22	2	1
8	23	2	1
8	24	2	-1
8	25	1	-1
8	26	2	1
8	27	2	1
8	28	2	1
8	29	2	1
8	30	2	1
8	31	2	1
8	32	2	1
8	33	2	1
8	34	2	1
8	35	2	-1
8	36	2	1
8	37	2	1
8	38	2	1
8	39	2	1
8	40	2	1
8	41	2	1
8	42	2	1
8	43	2	1
8	44	2	-1
8	45	2	1
8	46	2	1
8	47	2	1
8	48	2	1
8	49	2	1
8	50	2	-1
8	51	2	1
8	52	2	1
8	53	2	-1
8	54	2	1
8	55	2	1
8	56	2	-1
8	57	2	1
8	58	2	-1
8	59	2	1
8	60	2	1
8	61	2	1
8	62	2	1
8	63	2	1
8	64	2	1
8	65	2	1
8	66	2	1
8	67	2	1
8	68	2	1
8	69	2	1
8	70	2	1
8	71	2	-1
8	72	2	1
8	73	2	-1
8	74	2	1
8	75	2	1
8	76	2	1
8	77	2	1
8	78	2	1
8	79	2	1
8	80	2	1
8	81	2	1
8	82	1	-1
8	83	2	1
8	84	2	1
8	85	2	1
8	86	2	-1
8	87	2	1
8	88	2	1
8	89	2	1
8	90	2	-1
8	91	2	1
8	92	2	1
8	93	2	-1
8	94	2	1
8	95	2	1
8	96	2	-1
8	97	2	-1
8	98	2	1
8	99	2	-1
8	100	2	1
8	101	2	1
8	102	2	1
8	103	2	-1
8	104	2	1
8	105	2	1
8	106	2	1
8	107	2	-1
8	108	2	-1
8	109	2	1
8	110	2	1
8	111	2	1
8	112	2	1
8	113	2	-1
8	114	2	1
8	115	2	1
8	116	2	-1
8	117	2	1
8	118	2	1
8	119	2	1
8	120	2	1
8	121	2	-1
8	122	2	1
8	123	2	1
8	124	2	-1
8	125	2	1
8	126	2	1
8	127	2	1
8	128	2	1
8	129	2	-1
8	130	2	1
8	131	2	1
8	132	2	-1
8	133	2	-1
8	134	1	1
8	135	1	-1
8	136	2	1
8	137	1	-1
8	138	1	-1
8	139	2	1
8	140	2	1
8	141	2	-1
8	142	2	1
8	143	2	1
8	144	2	1
8	145	2	1
8	146	2	1
8	147	2	1
8	148	2	1
8	149	2	1
8	150	2	1
8	151	2	1
8	152	2	-1
8	153	2	1
8	154	2	1
8	155	2	1
8	156	2	1
8	157	2	-1
8	158	2	1
8	159	2	1
8	160	2	1
8	161	2	1
8	162	2	-1
8	163	2	1
8	164	2	1
8	165	2	1
8	166	2	1
8	167	2	1
8	168	2	1
8	169	2	1
8	170	2	1
8	171	2	-1
8	172	2	1
8	173	2	1
8	174	2	1
8	175	2	-1
8	176	2	1
8	177	2	1
8	178	2	1
8	179	2	1
8	180	2	1
8	181	2	1
8	182	2	-1
8	183	2	1
8	184	2	1
8	185	2	1
8	186	2	1
8	187	2	1
8	188	2	1
8	189	2	1
8	190	2	1
8	191	2	-1
8	192	2	1
8	193	2	1
8	194	2	1
8	195	2	1
8	196	2	1
8	197	2	1
8	198	2	1
8	199	2	1
8	200	2	1
8	201	1	-1
8	202	2	-1
8	203	2	1
8	204	1	-1
8	205	2	1
8	206	2	1
8	207	2	-1
8	208	2	1
8	209	1	1
8	210	2	1
8	211	2	1
8	212	2	-1
8	213	2	1
8	214	2	-1
8	215	2	1
8	216	2	1
8	217	2	-1
8	218	2	1
8	219	1	-1
8	220	2	1
8	221	2	-1
8	222	1	-1
8	223	2	1
8	224	2	1
8	225	2	1
8	226	2	1
8	227	2	1
8	228	2	1
8	229	2	1
8	230	2	1
8	231	2	1
8	232	2	1
8	233	2	1
8	234	2	1
8	235	2	1
8	236	2	-1
8	237	2	1
8	238	2	-1
8	239	2	1
8	240	2	1
8	241	2	-1
8	242	2	1
8	243	2	1
8	244	2	1
8	245	2	1
8	246	2	1
8	247	2	-1
8	248	2	1
8	249	2	-1
8	250	1	1
8	251	1	-1
8	252	2	1
8	253	2	1
8	254	2	1
8	255	2	1
8	256	2	1
8	257	2	-1
8	258	2	1
8	259	2	1
8	260	2	1
8	261	2	-1
8	262	2	1
8	263	1	-1
8	264	2	1
8	265	2	1
8	266	2	1
8	267	2	-1
8	268	2	1
8	269	2	1
8	270	2	1
8	271	2	1
8	272	2	1
8	273	2	-1
8	274	2	-1
8	275	2	1
8	276	2	1
8	277	2	1
8	278	2	1
8	279	2	1
8	280	2	1
8	281	2	1
8	282	2	1
8	283	2	1
8	284	2	1
8	285	2	1
8	286	2	1
8	287	2	1
8	288	2	1
8	289	2	1
8	290	2	1
8	291	2	-1
8	292	2	1
8	293	2	1
8	294	2	-1
8	295	2	-1
8	296	1	1
8	297	2	1
8	298	1	1
8	299	2	1
8	300	2	1
9	1	1	1
9	2	1	-1
9	3	2	1
9	4	2	1
9	5	1	-1
9	6	2	1
9	7	2	-1
9	8	2	-1
9	9	2	1
9	10	1	1
9	11	2	1
9	12	1	1
9	13	2	1
9	14	1	1
9	15	2	1
9	16	1	-1
9	17	2	1
9	18	1	1
9	19	2	1
9	20	1	-1
9	21	2	1
9	22	2	-1
9	23	2	1
9	24	2	1
9	25	2	1
9	26	1	1
9	27	2	1
9	28	2	1
9	29	2	1
9	30	1	-1
9	31	2	1
9	32	2	1
9	33	2	1
9	34	2	1
9	35	2	1
9	36	2	1
9	37	2	1
9	38	2	1
9	39	1	-1
9	40	2	1
9	41	2	1
9	42	2	1
9	43	2	1
9	44	1	1
9	45	2	1
9	46	1	-1
9	47	1	1
9	48	2	1
9	49	2	1
9	50	1	-1
9	51	2	1
9	52	2	1
9	53	2	1
9	54	2	1
9	55	2	1
9	56	2	1
9	57	2	-1
9	58	1	-1
9	59	2	1
9	60	2	-1
9	61	2	1
9	62	2	-1
9	63	2	1
9	64	2	1
9	65	2	1
9	66	1	-1
9	67	2	1
9	68	2	1
9	69	2	1
9	70	2	1
9	71	2	1
9	72	2	1
9	73	2	1
9	74	2	-1
9	75	2	1
9	76	2	1
9	77	2	1
9	78	2	1
9	79	2	1
9	80	2	1
9	81	2	1
9	82	2	1
9	83	1	-1
9	84	2	1
9	85	2	1
9	86	2	1
9	87	2	1
9	88	2	1
9	89	2	1
9	90	2	1
9	91	2	1
9	92	2	1
9	93	2	-1
9	94	2	-1
9	95	2	1
9	96	2	-1
9	97	2	1
9	98	2	1
9	99	2	-1
9	100	2	1
9	101	1	-1
9	102	2	1
9	103	2	1
9	104	2	-1
9	105	2	1
9	106	2	1
9	107	2	1
9	108	2	1
9	109	2	1
9	110	2	1
9	111	2	1
9	112	2	1
9	113	1	1
9	114	2	1
9	115	2	1
9	116	2	1
9	117	2	1
9	118	2	1
9	119	2	1
9	120	1	-1
9	121	2	1
9	122	2	1
9	123	2	1
9	124	2	-1
9	125	2	1
9	126	2	1
9	127	2	1
9	128	2	1
9	129	2	1
9	130	2	1
9	131	2	1
9	132	2	1
9	133	2	1
9	134	2	1
9	135	2	1
9	136	2	1
9	137	1	-1
9	138	2	1
9	139	2	1
9	140	2	1
9	141	2	1
9	142	2	1
9	143	2	1
9	144	2	1
9	145	2	-1
9	146	2	1
9	147	2	1
9	148	1	-1
9	149	2	1
9	150	2	1
9	151	2	1
9	152	1	1
9	153	2	1
9	154	2	1
9	155	1	-1
9	156	1	-1
9	157	2	-1
9	158	2	1
9	159	2	1
9	160	2	-1
9	161	2	-1
9	162	2	1
9	163	1	-1
9	164	2	1
9	165	1	1
9	166	1	1
9	167	2	1
9	168	2	1
9	169	2	1
9	170	2	1
9	171	2	1
9	172	2	1
9	173	2	1
9	174	2	1
9	175	2	-1
9	176	1	-1
9	177	2	1
9	178	2	1
9	179	2	1
9	180	2	1
9	181	2	-1
9	182	2	1
9	183	2	1
9	184	2	1
9	185	2	1
9	186	2	1
9	187	2	1
9	188	2	1
9	189	2	1
9	190	2	1
9	191	2	-1
9	192	2	-1
9	193	2	1
9	194	1	1
9	195	2	1
9	196	2	-1
9	197	2	1
9	198	1	-1
9	199	2	1
9	200	2	1
9	201	2	1
9	202	1	-1
9	203	2	1
9	204	2	1
9	205	1	-1
9	206	2	1
9	207	2	1
9	208	2	1
9	209	2	1
9	210	2	1
9	211	2	-1
9	212	2	-1
9	213	1	-1
9	214	2	1
9	215	2	1
9	216	2	1
9	217	2	1
9	218	2	-1
9	219	2	1
9	220	2	1
9	221	2	1
9	222	2	1
9	223	2	1
9	224	2	-1
9	225	2	1
9	226	2	1
9	227	2	1
9	228	2	1
9	229	1	-1
9	230	2	1
9	231	2	1
9	232	2	1
9	233	1	1
9	234	2	-1
9	235	2	1
9	236	2	1
9	237	1	-1
9	238	2	1
9	239	2	1
9	240	2	1
9	241	1	-1
9	242	2	-1
9	243	1	1
9	244	2	1
9	245	2	1
9	246	2	1
9	247	2	1
9	248	2	1
9	249	2	1
9	250	2	1
9	251	2	1
9	252	2	1
9	253	2	-1
9	254	2	1
9	255	2	1
9	256	2	1
9	257	2	1
9	258	2	-1
9	259	2	1
9	260	1	-1
9	261	2	1
9	262	2	1
9	263	2	-1
9	264	2	1
9	265	2	1
9	266	2	1
9	267	2	1
9	268	1	1
9	269	2	1
9	270	2	1
9	271	2	1
9	272	2	1
9	273	2	-1
9	274	2	1
9	275	2	-1
9	276	2	1
9	277	1	-1
9	278	2	1
9	279	2	1
9	280	2	-1
9	281	2	1
9	282	2	1
9	283	2	1
9	284	1	-1
9	285	2	1
9	286	2	1
9	287	2	1
9	288	2	1
9	289	2	1
9	290	2	-1
9	291	2	1
9	292	1	-1
9	293	2	1
9	294	2	-1
9	295	1	1
9	296	2	1
9	297	2	1
9	298	2	-1
9	299	2	1
9	300	1	-1
10	1	2	1
10	2	2	1
10	3	2	-1
10	4	1	1
10	5	1	1
10	6	1	1
10	7	1	1
10	8	1	1
10	9	1	-1
10	10	2	1
10	11	2	-1
10	12	1	1
10	13	1	-1
10	14	2	1
10	15	2	1
10	16	1	-1
10	17	2	1
10	18	2	1
10	19	2	1
10	20	2	1
10	21	2	1
10	22	2	-1
10	23	1	1
10	24	2	1
10	25	2	1
10	26	2	1
10	27	2	1
10	28	2	1
10	29	2	1
10	30	2	-1
10	31	1	-1
10	32	2	-1
10	33	1	-1
10	34	2	1
10	35	2	-1
10	36	2	1
10	37	2	1
10	38	2	1
10	39	2	1
10	40	2	1
10	41	2	-1
10	42	2	1
10	43	2	1
10	44	2	1
10	45	2	1
10	46	2	1
10	47	2	1
10	48	2	1
10	49	2	1
10	50	2	1
10	51	2	-1
10	52	2	1
10	53	2	1
10	54	2	1
10	55	2	-1
10	56	2	1
10	57	2	1
10	58	2	1
10	59	2	1
10	60	2	1
10	61	2	1
10	62	2	-1
10	63	2	1
10	64	2	1
10	65	2	-1
10	66	2	-1
10	67	2	1
10	68	2	1
10	69	2	1
10	70	2	1
10	71	2	1
10	72	2	1
10	73	1	1
10	74	2	1
10	75	2	1
10	76	1	1
10	77	2	1
10	78	1	-1
10	79	2	-1
10	80	2	1
10	81	2	-1
10	82	2	1
10	83	2	1
10	84	1	-1
10	85	2	1
10	86	2	1
10	87	2	-1
10	88	2	1
10	89	1	-1
10	90	2	1
10	91	1	1
10	92	2	1
10	93	2	-1
10	94	2	-1
10	95	1	1
10	96	1	-1
10	97	1	1
10	98	2	1
10	99	2	1
10	100	2	1
10	101	2	1
10	102	2	1
10	103	2	1
10	104	1	-1
10	105	2	1
10	106	2	-1
10	107	1	-1
10	108	2	1
10	109	2	1
10	110	2	-1
10	111	2	1
10	112	2	-1
10	113	2	1
10	114	1	-1
10	115	2	1
10	116	2	1
10	117	2	-1
10	118	2	1
10	119	2	1
10	120	2	-1
10	121	2	1
10	122	2	1
10	123	2	1
10	124	2	1
10	125	2	-1
10	126	2	-1
10	127	1	1
10	128	1	1
10	129	1	1
10	130	1	-1
10	131	2	1
10	132	1	1
10	133	1	-1
10	134	2	1
10	135	2	-1
10	136	2	1
10	137	2	-1
10	138	2	1
10	139	1	-1
10	140	1	-1
10	141	2	1
10	142	2	1
10	143	2	1
10	144	2	-1
10	145	1	-1
10	146	1	-1
10	147	2	1
10	148	2	1
10	149	2	1
10	150	2	-1
10	151	2	1
10	152	2	1
10	153	2	1
10	154	2	1
10	155	2	1
10	156	2	1
10	157	2	1
10	158	2	1
10	159	2	1
10	160	2	1
10	161	2	1
10	162	2	1
10	163	2	1
10	164	2	1
10	165	2	1
10	166	2	1
10	167	2	1
10	168	2	-1
10	169	2	1
10	170	2	-1
10	171	2	1
10	172	2	1
10	173	2	1
10	174	2	1
10	175	2	1
10	176	2	-1
10	177	2	1
10	178	2	-1
10	179	2	1
10	180	2	1
10	181	2	1
10	182	2	1
10	183	2	1
10	184	2	1
10	185	2	1
10	186	2	1
10	187	2	1
10	188	2	1
10	189	2	-1
10	190	2	1
10	191	2	1
10	192	1	1
10	193	2	1
10	194	2	1
10	195	2	-1
10	196	2	1
10	197	2	1
10	198	2	1
10	199	2	1
10	200	2	1
10	201	2	1
10	202	2	1
10	203	2	1
10	204	2	1
10	205	2	1
10	206	2	1
10	207	2	1
10	208	2	1
10	209	2	1
10	210	2	1
10	211	2	1
10	212	2	1
10	213	2	1
10	214	2	1
10	215	2	1
10	216	2	1
10	217	1	-1
10	218	2	1
10	219	2	1
10	220	2	-1
10	221	2	1
10	222	2	1
10	223	2	1
10	224	1	-1
10	225	2	1
10	226	2	1
10	227	2	1
10	228	2	1
10	229	2	1
10	230	2	1
10	231	2	1
10	232	2	1
10	233	2	1
10	234	2	-1
10	235	2	-1
10	236	2	1
10	237	2	1
10	238	2	1
10	239	2	1
10	240	2	1
10	241	2	1
10	242	2	1
10	243	2	1
10	244	2	1
10	245	2	1
10	246	2	1
10	247	2	1
10	248	2	1
10	249	2	-1
10	250	2	1
10	251	2	-1
10	252	2	1
10	253	2	1
10	254	2	1
10	255	2	1
10	256	2	1
10	257	2	1
10	258	2	1
10	259	2	-1
10	260	2	-1
10	261	2	1
10	262	2	-1
10	263	2	1
10	264	2	1
10	265	2	1
10	266	2	1
10	267	2	1
10	268	2	1
10	269	1	1
10	270	2	1
10	271	2	1
10	272	1	-1
10	273	2	-1
10	274	2	1
10	275	2	1
10	276	2	1
10	277	2	1
10	278	2	1
10	279	2	-1
10	280	2	1
10	281	2	1
10	282	2	1
10	283	2	1
10	284	2	1
10	285	2	-1
10	286	2	1
10	287	2	1
10	288	2	1
10	289	2	1
10	290	2	-1
10	291	2	1
10	292	2	1
10	293	2	1
10	294	2	1
10	295	2	1
10	296	2	1
10	297	2	1
10	298	2	-1
10	299	2	1
10	300	2	1
11	1	1	-1
11	2	1	1
11	3	2	1
11	4	2	-1
11	5	2	-1
11	6	2	1
11	7	2	1
11	8	1	-1
11	9	2	1
11	10	1	-1
11	11	1	-1
11	12	1	1
11	13	1	-1
11	14	1	-1
11	15	2	-1
11	16	2	1
11	17	1	-1
11	18	2	1
11	19	2	1
11	20	2	-1
11	21	2	1
11	22	2	1
11	23	2	1
11	24	2	1
11	25	1	1
11	26	1	-1
11	27	2	-1
11	28	2	-1
11	29	1	-1
11	30	2	1
11	31	2	1
11	32	2	-1
11	33	2	1
11	34	2	1
11	35	2	1
11	36	2	1
11	37	2	1
11	38	2	-1
11	39	2	1
11	40	2	-1
11	41	2	1
11	42	2	1
11	43	2	1
11	44	2	1
11	45	2	1
11	46	2	1
11	47	1	-1
11	48	2	1
11	49	2	1
11	50	2	1
11	51	1	1
11	52	2	1
11	53	2	-1
11	54	1	1
11	55	2	1
11	56	1	1
11	57	2	-1
11	58	1	-1
11	59	2	1
11	60	2	1
11	61	2	1
11	62	2	1
11	63	1	-1
11	64	1	-1
11	65	1	-1
11	66	2	1
11	67	2	1
11	68	2	1
11	69	2	-1
11	70	2	1
11	71	2	1
11	72	2	1
11	73	2	1
11	74	2	1
11	75	1	1
11	76	1	1
11	77	2	1
11	78	2	1
11	79	1	-1
11	80	2	1
11	81	2	-1
11	82	2	-1
11	83	2	-1
11	84	2	1
11	85	1	-1
11	86	2	-1
11	87	1	1
11	88	1	1
11	89	1	-1
11	90	1	1
11	91	1	-1
11	92	1	1
11	93	1	1
11	94	2	1
11	95	2	1
11	96	1	-1
11	97	1	1
11	98	2	1
11	99	1	1
11	100	2	1
11	101	2	1
11	102	2	1
11	103	2	1
11	104	2	1
11	105	2	1
11	106	2	1
11	107	2	1
11	108	2	1
11	109	2	1
11	110	1	1
11	111	2	-1
11	112	2	-1
11	113	2	-1
11	114	1	-1
11	115	1	1
11	116	1	-1
11	117	2	1
11	118	2	1
11	119	1	-1
11	120	2	1
11	121	1	-1
11	122	2	1
11	123	1	1
11	124	1	1
11	125	1	-1
11	126	2	1
11	127	2	1
11	128	1	1
11	129	2	1
11	130	1	1
11	131	1	1
11	132	2	1
11	133	2	1
11	134	2	1
11	135	1	-1
11	136	2	1
11	137	2	1
11	138	2	1
11	139	2	1
11	140	1	-1
11	141	2	1
11	142	2	1
11	143	2	1
11	144	2	-1
11	145	2	-1
11	146	2	1
11	147	1	1
11	148	1	1
11	149	1	-1
11	150	2	-1
11	151	1	-1
11	152	1	1
11	153	2	1
11	154	2	-1
11	155	2	1
11	156	2	1
11	157	1	-1
11	158	2	1
11	159	1	-1
11	160	2	1
11	161	2	1
11	162	2	-1
11	163	1	1
11	164	2	1
11	165	2	-1
11	166	1	1
11	167	1	1
11	168	1	1
11	169	2	1
11	170	1	1
11	171	1	1
11	172	1	1
11	173	1	-1
11	174	1	1
11	175	2	-1
11	176	1	1
11	177	2	1
11	178	1	1
11	179	1	1
11	180	1	1
11	181	1	-1
11	182	2	1
11	183	2	1
11	184	2	-1
11	185	2	1
11	186	2	1
11	187	1	-1
11	188	1	1
11	189	2	1
11	190	1	1
11	191	2	1
11	192	1	1
11	193	2	1
11	194	1	-1
11	195	1	-1
11	196	2	1
11	197	2	1
11	198	2	1
11	199	2	1
11	200	2	1
11	201	2	1
11	202	2	1
11	203	1	1
11	204	2	1
11	205	2	1
11	206	2	-1
11	207	2	1
11	208	2	1
11	209	2	1
11	210	2	1
11	211	1	1
11	212	2	1
11	213	1	-1
11	214	2	1
11	215	2	-1
11	216	1	-1
11	217	2	1
11	218	2	-1
11	219	2	1
11	220	2	1
11	221	2	1
11	222	2	-1
11	223	2	1
11	224	2	1
11	225	2	1
11	226	2	-1
11	227	1	-1
11	228	1	-1
11	229	1	-1
11	230	2	-1
11	231	2	1
11	232	2	-1
11	233	2	1
11	234	1	-1
11	235	2	1
11	236	1	1
11	237	1	-1
11	238	1	-1
11	239	2	1
11	240	1	-1
11	241	2	1
11	242	2	-1
11	243	2	1
11	244	2	-1
11	245	2	1
11	246	2	1
11	247	2	1
11	248	1	1
11	249	2	-1
11	250	2	1
11	251	2	1
11	252	2	-1
11	253	2	-1
11	254	2	1
11	255	2	1
11	256	2	1
11	257	2	1
11	258	2	1
11	259	1	-1
11	260	2	-1
11	261	2	1
11	262	2	1
11	263	1	1
11	264	2	1
11	265	2	1
11	266	2	1
11	267	1	-1
11	268	2	1
11	269	2	1
11	270	2	1
11	271	2	1
11	272	2	1
11	273	2	-1
11	274	2	1
11	275	1	1
11	276	2	1
11	277	2	1
11	278	2	-1
11	279	2	1
11	280	1	1
11	281	2	1
11	282	2	1
11	283	1	-1
11	284	2	1
11	285	1	-1
11	286	2	1
11	287	2	1
11	288	2	1
11	289	2	1
11	290	2	1
11	291	2	-1
11	292	1	1
11	293	2	1
11	294	1	1
11	295	2	-1
11	296	1	1
11	297	2	1
11	298	1	-1
11	299	1	-1
11	300	2	1
12	1	2	1
12	2	2	-1
12	3	2	1
12	4	1	-1
12	5	1	1
12	6	2	1
12	7	2	1
12	8	2	1
12	9	2	1
12	10	2	1
12	11	2	1
12	12	2	1
12	13	2	1
12	14	1	-1
12	15	1	1
12	16	2	1
12	17	1	-1
12	18	2	1
12	19	2	1
12	20	2	1
12	21	2	1
12	22	2	1
12	23	2	1
12	24	2	-1
12	25	2	1
12	26	2	1
12	27	2	-1
12	28	1	1
12	29	1	1
12	30	1	1
12	31	1	1
12	32	2	1
12	33	1	1
12	34	2	1
12	35	1	-1
12	36	2	-1
12	37	2	-1
12	38	1	-1
12	39	2	1
12	40	2	1
12	41	1	-1
12	42	1	1
12	43	1	-1
12	44	2	1
12	45	2	1
12	46	2	1
12	47	2	1
12	48	2	1
12	49	2	1
12	50	1	-1
12	51	2	1
12	52	2	1
12	53	2	1
12	54	2	1
12	55	2	-1
12	56	2	-1
12	57	1	1
12	58	2	1
12	59	1	-1
12	60	1	-1
12	61	1	-1
12	62	2	1
12	63	1	-1
12	64	2	1
12	65	2	1
12	66	2	-1
12	67	2	1
12	68	2	-1
12	69	1	1
12	70	1	-1
12	71	2	1
12	72	2	1
12	73	2	1
12	74	2	-1
12	75	2	1
12	76	2	1
12	77	2	1
12	78	2	1
12	79	2	1
12	80	2	1
12	81	2	-1
12	82	1	1
12	83	2	-1
12	84	1	-1
12	85	1	-1
12	86	2	1
12	87	2	1
12	88	1	-1
12	89	2	1
12	90	2	1
12	91	2	1
12	92	2	1
12	93	2	1
12	94	2	1
12	95	2	1
12	96	2	-1
12	97	1	1
12	98	1	1
12	99	1	1
12	100	1	1
12	101	1	1
12	102	1	1
12	103	1	-1
12	104	2	1
12	105	2	1
12	106	1	1
12	107	1	1
12	108	2	1
12	109	1	1
12	110	2	1
12	111	2	1
12	112	2	-1
12	113	2	1
12	114	1	-1
12	115	2	-1
12	116	2	1
12	117	1	1
12	118	1	-1
12	119	1	1
12	120	1	1
12	121	1	-1
12	122	1	-1
12	123	1	-1
12	124	2	1
12	125	2	1
12	126	2	1
12	127	2	1
12	128	2	1
12	129	2	1
12	130	2	1
12	131	2	1
12	132	2	1
12	133	2	1
12	134	1	1
12	135	2	1
12	136	2	1
12	137	1	-1
12	138	2	-1
12	139	1	1
12	140	1	-1
12	141	2	1
12	142	2	1
12	143	1	1
12	144	2	1
12	145	2	1
12	146	2	1
12	147	2	1
12	148	2	1
12	149	1	-1
12	150	1	-1
12	151	2	1
12	152	2	1
12	153	2	1
12	154	2	1
12	155	2	1
12	156	2	-1
12	157	1	1
12	158	2	-1
12	159	1	1
12	160	1	1
12	161	1	-1
12	162	2	1
12	163	2	1
12	164	2	1
12	165	2	1
12	166	2	1
12	167	1	1
12	168	2	1
12	169	2	1
12	170	2	1
12	171	2	1
12	172	1	1
12	173	1	-1
12	174	2	1
12	175	2	1
12	176	2	1
12	177	2	1
12	178	2	1
12	179	2	1
12	180	2	1
12	181	2	1
12	182	2	1
12	183	1	1
12	184	2	1
12	185	1	-1
12	186	1	-1
12	187	2	1
12	188	2	1
12	189	2	1
12	190	2	1
12	191	2	-1
12	192	2	1
12	193	2	-1
12	194	1	-1
12	195	2	1
12	196	2	1
12	197	2	1
12	198	2	1
12	199	1	-1
12	200	2	1
12	201	2	1
12	202	2	1
12	203	1	-1
12	204	2	1
12	205	2	1
12	206	2	1
12	207	2	1
12	208	1	-1
12	209	2	1
12	210	2	1
12	211	2	1
12	212	2	1
12	213	2	1
12	214	2	1
12	215	2	1
12	216	2	-1
12	217	2	1
12	218	2	1
12	219	2	1
12	220	2	-1
12	221	2	-1
12	222	2	1
12	223	1	1
12	224	2	-1
12	225	1	1
12	226	1	1
12	227	2	1
12	228	1	-1
12	229	2	1
12	230	2	1
12	231	2	1
12	232	2	1
12	233	2	1
12	234	2	-1
12	235	2	1
12	236	2	1
12	237	1	-1
12	238	2	-1
12	239	2	1
12	240	1	-1
12	241	1	-1
12	242	2	1
12	243	2	1
12	244	2	1
12	245	2	1
12	246	2	1
12	247	2	-1
12	248	2	1
12	249	1	-1
12	250	2	1
12	251	2	1
12	252	2	-1
12	253	2	-1
12	254	2	1
12	255	2	1
12	256	1	1
12	257	2	1
12	258	2	-1
12	259	2	1
12	260	2	1
12	261	1	1
12	262	2	1
12	263	2	-1
12	264	2	-1
12	265	1	-1
12	266	1	-1
12	267	2	1
12	268	1	-1
12	269	2	1
12	270	2	1
12	271	2	1
12	272	2	1
12	273	2	-1
12	274	2	1
12	275	1	-1
12	276	2	1
12	277	2	1
12	278	1	-1
12	279	2	1
12	280	2	-1
12	281	2	-1
12	282	2	1
12	283	2	1
12	284	2	1
12	285	1	1
12	286	2	1
12	287	1	-1
12	288	2	1
12	289	1	-1
12	290	2	-1
12	291	2	1
12	292	1	1
12	293	2	-1
12	294	1	-1
12	295	2	1
12	296	2	-1
12	297	1	1
12	298	2	1
12	299	2	1
12	300	1	1
13	1	1	1
13	2	2	1
13	3	2	1
13	4	1	-1
13	5	2	1
13	6	1	-1
13	7	1	1
13	8	2	1
13	9	1	-1
13	10	2	1
13	11	2	1
13	12	2	1
13	13	1	-1
13	14	2	1
13	15	2	-1
13	16	2	1
13	17	2	1
13	18	2	1
13	19	2	1
13	20	2	1
13	21	2	-1
13	22	2	-1
13	23	2	1
13	24	2	1
13	25	2	1
13	26	2	1
13	27	2	1
13	28	2	1
13	29	2	1
13	30	2	1
13	31	2	1
13	32	2	-1
13	33	2	-1
13	34	2	1
13	35	2	-1
13	36	1	1
13	37	2	-1
13	38	1	1
13	39	2	1
13	40	2	1
13	41	2	-1
13	42	1	1
13	43	1	-1
13	44	1	-1
13	45	2	-1
13	46	2	1
13	47	1	1
13	48	2	1
13	49	2	1
13	50	2	1
13	51	2	1
13	52	2	1
13	53	2	1
13	54	2	1
13	55	2	1
13	56	2	1
13	57	2	1
13	58	2	1
13	59	2	1
13	60	2	1
13	61	2	1
13	62	2	1
13	63	2	-1
13	64	2	-1
13	65	2	-1
13	66	2	-1
13	67	1	1
13	68	1	1
13	69	1	-1
13	70	1	1
13	71	1	1
13	72	1	-1
13	73	1	1
13	74	1	1
13	75	1	-1
13	76	2	1
13	77	2	1
13	78	2	1
13	79	2	1
13	80	2	1
13	81	2	1
13	82	2	1
13	83	2	1
13	84	2	-1
13	85	2	1
13	86	2	-1
13	87	2	1
13	88	2	1
13	89	2	-1
13	90	1	1
13	91	1	-1
13	92	1	1
13	93	2	1
13	94	2	1
13	95	1	-1
13	96	1	1
13	97	2	1
13	98	2	1
13	99	2	1
13	100	2	1
13	101	2	1
13	102	2	1
13	103	2	-1
13	104	2	1
13	105	2	1
13	106	2	1
13	107	2	1
13	108	1	1
13	109	1	-1
13	110	1	-1
13	111	2	1
13	112	1	1
13	113	2	1
13	114	2	-1
13	115	2	-1
13	116	2	1
13	117	2	1
13	118	1	-1
13	119	1	-1
13	120	2	1
13	121	1	-1
13	122	2	1
13	123	2	1
13	124	2	1
13	125	1	-1
13	126	2	1
13	127	2	-1
13	128	2	1
13	129	2	1
13	130	2	1
13	131	2	1
13	132	2	1
13	133	2	1
13	134	2	-1
13	135	2	1
13	136	2	1
13	137	2	1
13	138	2	1
13	139	2	1
13	140	2	1
13	141	2	-1
13	142	2	1
13	143	2	1
13	144	2	1
13	145	2	-1
13	146	2	1
13	147	2	1
13	148	1	1
13	149	2	1
13	150	2	1
13	151	2	1
13	152	2	1
13	153	2	1
13	154	2	1
13	155	2	1
13	156	2	1
13	157	2	1
13	158	2	1
13	159	2	1
13	160	2	1
13	161	2	1
13	162	2	1
13	163	2	1
13	164	2	1
13	165	2	1
13	166	2	1
13	167	2	1
13	168	2	1
13	169	2	1
13	170	2	1
13	171	2	1
13	172	2	1
13	173	2	1
13	174	2	1
13	175	2	1
13	176	2	1
13	177	2	1
13	178	2	1
13	179	2	1
13	180	2	1
13	181	2	1
13	182	2	1
13	183	2	1
13	184	2	1
13	185	2	1
13	186	2	-1
13	187	1	1
13	188	2	-1
13	189	2	-1
13	190	1	1
13	191	2	1
13	192	1	-1
13	193	1	1
13	194	2	1
13	195	1	-1
13	196	2	1
13	197	2	1
13	198	2	-1
13	199	1	1
13	200	2	1
13	201	2	1
13	202	1	1
13	203	1	1
13	204	1	-1
13	205	2	1
13	206	2	1
13	207	2	1
13	208	2	1
13	209	2	-1
13	210	1	1
13	211	2	1
13	212	2	1
13	213	2	1
13	214	2	1
13	215	2	1
13	216	2	-1
13	217	2	1
13	218	2	-1
13	219	1	1
13	220	1	-1
13	221	2	1
13	222	1	1
13	223	2	1
13	224	2	1
13	225	1	1
13	226	2	-1
13	227	2	1
13	228	1	-1
13	229	2	1
13	230	1	1
13	231	2	1
13	232	2	1
13	233	1	1
13	234	1	-1
13	235	2	1
13	236	2	1
13	237	1	-1
13	238	2	1
13	239	2	1
13	240	2	1
13	241	2	1
13	242	2	1
13	243	2	-1
13	244	2	1
13	245	2	1
13	246	2	-1
13	247	2	-1
13	248	1	1
13	249	1	1
13	250	1	1
13	251	1	-1
13	252	1	-1
13	253	2	-1
13	254	2	1
13	255	2	1
13	256	1	-1
13	257	2	-1
13	258	2	1
13	259	2	-1
13	260	2	-1
13	261	1	1
13	262	1	1
13	263	2	1
13	264	2	1
13	265	2	1
13	266	1	-1
13	267	2	1
13	268	1	-1
13	269	2	1
13	270	2	-1
13	271	2	1
13	272	1	1
13	273	2	1
13	274	2	1
13	275	2	1
13	276	2	1
13	277	2	-1
13	278	2	-1
13	279	2	1
13	280	1	1
13	281	1	-1
13	282	2	-1
13	283	2	1
13	284	2	1
13	285	2	1
13	286	2	1
13	287	2	-1
13	288	1	-1
13	289	1	-1
13	290	2	1
13	291	1	-1
13	292	2	1
13	293	2	1
13	294	2	1
13	295	2	1
13	296	1	-1
13	297	1	-1
13	298	2	1
13	299	2	1
13	300	2	-1
14	1	2	1
14	2	1	-1
14	3	1	-1
14	4	1	1
14	5	1	1
14	6	2	-1
14	7	2	-1
14	8	2	1
14	9	1	-1
14	10	2	1
14	11	2	1
14	12	2	1
14	13	2	1
14	14	1	1
14	15	2	1
14	16	2	1
14	17	1	-1
14	18	1	-1
14	19	2	1
14	20	1	-1
14	21	2	1
14	22	2	1
14	23	1	1
14	24	1	-1
14	25	1	-1
14	26	1	-1
14	27	1	1
14	28	2	-1
14	29	2	1
14	30	1	1
14	31	2	1
14	32	1	-1
14	33	1	-1
14	34	2	-1
14	35	2	1
14	36	2	1
14	37	1	1
14	38	1	1
14	39	1	1
14	40	1	1
14	41	1	-1
14	42	1	-1
14	43	1	-1
14	44	2	1
14	45	2	1
14	46	1	1
14	47	2	1
14	48	1	1
14	49	1	-1
14	50	1	1
14	51	1	1
14	52	2	-1
14	53	1	-1
14	54	1	1
14	55	1	-1
14	56	1	-1
14	57	2	1
14	58	1	-1
14	59	2	1
14	60	1	1
14	61	1	-1
14	62	2	1
14	63	2	1
14	64	1	1
14	65	2	1
14	66	1	-1
14	67	1	-1
14	68	2	1
14	69	1	-1
14	70	2	1
14	71	2	-1
14	72	1	1
14	73	1	1
14	74	2	1
14	75	2	1
14	76	1	-1
14	77	2	1
14	78	1	-1
14	79	2	1
14	80	2	1
14	81	1	1
14	82	2	-1
14	83	2	-1
14	84	2	-1
14	85	1	1
14	86	1	1
14	87	1	-1
14	88	2	1
14	89	2	1
14	90	2	1
14	91	2	1
14	92	1	-1
14	93	2	1
14	94	2	1
14	95	2	1
14	96	1	1
14	97	2	-1
14	98	2	1
14	99	2	1
14	100	1	-1
14	101	2	1
14	102	2	1
14	103	2	1
14	104	2	-1
14	105	1	1
14	106	2	1
14	107	2	-1
14	108	2	1
14	109	1	-1
14	110	2	1
14	111	2	1
14	112	2	1
14	113	2	1
14	114	2	1
14	115	2	1
14	116	2	1
14	117	2	-1
14	118	1	1
14	119	2	1
14	120	1	-1
14	121	1	1
14	122	1	1
14	123	2	1
14	124	2	1
14	125	2	1
14	126	2	1
14	127	1	-1
14	128	1	-1
14	129	2	1
14	130	2	1
14	131	1	-1
14	132	2	1
14	133	2	1
14	134	1	1
14	135	2	1
14	136	2	-1
14	137	2	1
14	138	2	-1
14	139	2	1
14	140	1	-1
14	141	2	-1
14	142	1	-1
14	143	1	-1
14	144	2	-1
14	145	2	-1
14	146	2	1
14	147	2	-1
14	148	2	-1
14	149	1	1
14	150	1	1
14	151	2	1
14	152	2	1
14	153	2	1
14	154	2	-1
14	155	1	1
14	156	2	1
14	157	1	-1
14	158	2	1
14	159	1	-1
14	160	1	1
14	161	1	1
14	162	1	-1
14	163	2	1
14	164	2	1
14	165	2	1
14	166	1	1
14	167	2	1
14	168	1	1
14	169	2	1
14	170	2	1
14	171	1	1
14	172	2	1
14	173	2	1
14	174	2	1
14	175	1	-1
14	176	2	1
14	177	2	1
14	178	2	-1
14	179	1	-1
14	180	1	1
14	181	2	1
14	182	2	-1
14	183	1	1
14	184	2	-1
14	185	2	1
14	186	2	1
14	187	1	1
14	188	2	1
14	189	2	1
14	190	1	1
14	191	1	-1
14	192	2	1
14	193	2	1
14	194	2	1
14	195	2	-1
14	196	1	-1
14	197	2	1
14	198	2	1
14	199	2	1
14	200	1	-1
14	201	1	-1
14	202	2	1
14	203	2	-1
14	204	1	-1
14	205	2	-1
14	206	2	1
14	207	2	1
14	208	2	1
14	209	2	-1
14	210	2	1
14	211	2	1
14	212	2	1
14	213	2	1
14	214	2	-1
14	215	1	-1
14	216	2	1
14	217	2	1
14	218	1	-1
14	219	1	-1
14	220	2	-1
14	221	2	1
14	222	2	1
14	223	1	-1
14	224	1	-1
14	225	2	-1
14	226	1	1
14	227	1	1
14	228	2	1
14	229	2	1
14	230	1	-1
14	231	1	-1
14	232	2	1
14	233	2	1
14	234	2	1
14	235	2	-1
14	236	2	1
14	237	2	1
14	238	2	1
14	239	1	1
14	240	2	1
14	241	2	1
14	242	2	1
14	243	1	-1
14	244	2	-1
14	245	2	1
14	246	2	1
14	247	1	1
14	248	2	1
14	249	1	-1
14	250	2	-1
14	251	1	1
14	252	2	1
14	253	1	-1
14	254	2	1
14	255	2	1
14	256	2	1
14	257	2	1
14	258	2	-1
14	259	2	1
14	260	2	1
14	261	2	1
14	262	2	1
14	263	2	1
14	264	2	1
14	265	2	1
14	266	2	1
14	267	2	1
14	268	2	-1
14	269	2	1
14	270	2	1
14	271	2	-1
14	272	2	1
14	273	1	1
14	274	1	1
14	275	2	1
14	276	1	-1
14	277	2	1
14	278	2	1
14	279	2	-1
14	280	2	-1
14	281	1	-1
14	282	1	-1
14	283	2	-1
14	284	2	1
14	285	2	1
14	286	2	1
14	287	1	-1
14	288	2	1
14	289	1	-1
14	290	2	1
14	291	2	1
14	292	2	1
14	293	2	1
14	294	2	1
14	295	1	1
14	296	1	-1
14	297	2	1
14	298	2	1
14	299	1	1
14	300	2	1
15	1	2	1
15	2	1	-1
15	3	2	1
15	4	2	1
15	5	2	-1
15	6	2	1
15	7	1	1
15	8	1	-1
15	9	2	1
15	10	2	1
15	11	1	1
15	12	2	1
15	13	1	1
15	14	1	1
15	15	2	1
15	16	2	1
15	17	2	1
15	18	1	-1
15	19	2	1
15	20	2	-1
15	21	1	1
15	22	2	1
15	23	1	-1
15	24	1	1
15	25	2	1
15	26	2	1
15	27	2	1
15	28	2	1
15	29	2	1
15	30	2	-1
15	31	2	1
15	32	2	1
15	33	1	1
15	34	2	-1
15	35	2	1
15	36	2	1
15	37	1	-1
15	38	2	1
15	39	2	1
15	40	2	1
15	41	2	-1
15	42	2	1
15	43	2	1
15	44	2	1
15	45	2	1
15	46	1	1
15	47	2	1
15	48	2	1
15	49	1	-1
15	50	2	1
15	51	2	1
15	52	2	1
15	53	2	1
15	54	1	1
15	55	1	1
15	56	2	1
15	57	2	1
15	58	2	1
15	59	2	1
15	60	1	-1
15	61	2	-1
15	62	2	1
15	63	2	-1
15	64	2	1
15	65	2	1
15	66	2	1
15	67	1	-1
15	68	2	1
15	69	2	1
15	70	2	1
15	71	1	1
15	72	2	1
15	73	2	1
15	74	2	1
15	75	2	1
15	76	1	-1
15	77	1	1
15	78	2	-1
15	79	2	1
15	80	1	1
15	81	2	1
15	82	2	1
15	83	2	-1
15	84	2	1
15	85	1	1
15	86	1	-1
15	87	2	-1
15	88	2	-1
15	89	1	1
15	90	1	-1
15	91	2	1
15	92	2	1
15	93	2	1
15	94	2	1
15	95	2	1
15	96	1	1
15	97	2	-1
15	98	2	-1
15	99	1	-1
15	100	1	1
15	101	2	1
15	102	2	1
15	103	2	-1
15	104	2	1
15	105	2	-1
15	106	1	1
15	107	2	1
15	108	1	-1
15	109	2	1
15	110	2	1
15	111	2	1
15	112	2	1
15	113	1	1
15	114	2	-1
15	115	1	1
15	116	2	1
15	117	2	1
15	118	2	1
15	119	2	1
15	120	2	1
15	121	1	1
15	122	2	1
15	123	1	-1
15	124	2	-1
15	125	1	-1
15	126	2	1
15	127	2	-1
15	128	2	1
15	129	2	1
15	130	2	1
15	131	2	1
15	132	2	1
15	133	2	1
15	134	1	-1
15	135	2	1
15	136	2	-1
15	137	2	-1
15	138	1	1
15	139	1	-1
15	140	2	1
15	141	1	-1
15	142	1	1
15	143	2	1
15	144	2	1
15	145	2	-1
15	146	2	1
15	147	2	-1
15	148	2	1
15	149	2	1
15	150	1	1
15	151	2	-1
15	152	1	-1
15	153	2	1
15	154	1	-1
15	155	2	-1
15	156	1	1
15	157	2	1
15	158	2	1
15	159	2	1
15	160	2	1
15	161	2	1
15	162	2	1
15	163	1	-1
15	164	2	-1
15	165	2	1
15	166	2	1
15	167	2	1
15	168	2	1
15	169	2	-1
15	170	2	1
15	171	2	-1
15	172	2	1
15	173	2	1
15	174	2	1
15	175	2	1
15	176	1	-1
15	177	1	1
15	178	2	1
15	179	2	1
15	180	2	1
15	181	2	1
15	182	2	1
15	183	2	1
15	184	2	1
15	185	2	-1
15	186	2	1
15	187	2	1
15	188	2	-1
15	189	2	1
15	190	2	1
15	191	2	-1
15	192	1	1
15	193	2	1
15	194	2	-1
15	195	2	1
15	196	1	-1
15	197	2	1
15	198	1	-1
15	199	2	1
15	200	1	-1
15	201	2	1
15	202	2	1
15	203	2	-1
15	204	2	1
15	205	2	1
15	206	2	-1
15	207	2	-1
15	208	2	1
15	209	2	1
15	210	2	1
15	211	1	-1
15	212	1	1
15	213	2	1
15	214	2	-1
15	215	2	1
15	216	2	-1
15	217	1	-1
15	218	1	1
15	219	1	-1
15	220	2	-1
15	221	1	1
15	222	1	1
15	223	2	-1
15	224	1	-1
15	225	2	1
15	226	1	-1
15	227	2	1
15	228	2	1
15	229	2	1
15	230	1	-1
15	231	2	1
15	232	2	1
15	233	1	-1
15	234	2	1
15	235	2	1
15	236	2	1
15	237	2	1
15	238	2	-1
15	239	2	1
15	240	2	-1
15	241	2	-1
15	242	1	-1
15	243	2	1
15	244	2	1
15	245	2	1
15	246	2	1
15	247	2	1
15	248	2	-1
15	249	1	-1
15	250	2	1
15	251	2	1
15	252	2	-1
15	253	2	1
15	254	2	1
15	255	2	1
15	256	2	1
15	257	2	1
15	258	2	1
15	259	2	1
15	260	2	-1
15	261	2	-1
15	262	2	1
15	263	2	-1
15	264	2	1
15	265	2	1
15	266	2	1
15	267	2	1
15	268	2	1
15	269	2	-1
15	270	2	1
15	271	1	1
15	272	2	1
15	273	2	1
15	274	2	1
15	275	2	1
15	276	2	1
15	277	2	-1
15	278	2	1
15	279	2	1
15	280	2	1
15	281	2	-1
15	282	2	1
15	283	2	1
15	284	2	1
15	285	1	-1
15	286	2	1
15	287	2	1
15	288	2	1
15	289	2	1
15	290	2	1
15	291	2	1
15	292	2	1
15	293	2	1
15	294	2	1
15	295	2	1
15	296	2	1
15	297	2	1
15	298	1	-1
15	299	2	-1
15	300	1	-1
16	1	2	1
16	2	1	-1
16	3	2	1
16	4	2	1
16	5	2	1
16	6	2	-1
16	7	2	-1
16	8	2	1
16	9	2	1
16	10	2	1
16	11	2	1
16	12	2	1
16	13	2	-1
16	14	2	1
16	15	2	1
16	16	2	-1
16	17	1	-1
16	18	2	1
16	19	2	1
16	20	2	1
16	21	2	1
16	22	2	1
16	23	2	1
16	24	2	1
16	25	2	1
16	26	2	-1
16	27	2	1
16	28	2	1
16	29	2	1
16	30	2	-1
16	31	2	1
16	32	2	-1
16	33	2	1
16	34	2	1
16	35	2	1
16	36	2	-1
16	37	2	1
16	38	2	1
16	39	2	1
16	40	2	1
16	41	2	1
16	42	2	-1
16	43	2	1
16	44	2	1
16	45	2	1
16	46	2	1
16	47	2	1
16	48	2	1
16	49	2	-1
16	50	2	-1
16	51	1	-1
16	52	2	1
16	53	2	1
16	54	2	-1
16	55	1	1
16	56	1	1
16	57	1	-1
16	58	2	1
16	59	2	-1
16	60	2	1
16	61	2	1
16	62	2	1
16	63	1	1
16	64	2	1
16	65	2	1
16	66	2	1
16	67	2	-1
16	68	1	1
16	69	1	-1
16	70	2	1
16	71	2	1
16	72	2	1
16	73	2	1
16	74	2	1
16	75	2	1
16	76	2	1
16	77	2	1
16	78	2	1
16	79	2	-1
16	80	2	-1
16	81	1	-1
16	82	1	1
16	83	1	1
16	84	1	1
16	85	1	1
16	86	1	-1
16	87	2	-1
16	88	1	-1
16	89	2	1
16	90	2	1
16	91	2	-1
16	92	2	1
16	93	2	1
16	94	2	-1
16	95	2	1
16	96	2	1
16	97	1	1
16	98	2	1
16	99	2	1
16	100	2	1
16	101	2	1
16	102	1	-1
16	103	2	1
16	104	2	-1
16	105	2	1
16	106	2	1
16	107	2	-1
16	108	2	1
16	109	2	-1
16	110	1	1
16	111	2	-1
16	112	1	-1
16	113	2	1
16	114	2	1
16	115	2	-1
16	116	2	1
16	117	2	1
16	118	2	-1
16	119	2	1
16	120	2	-1
16	121	1	-1
16	122	2	1
16	123	2	1
16	124	2	1
16	125	2	1
16	126	2	-1
16	127	2	1
16	128	2	1
16	129	2	1
16	130	2	1
16	131	2	1
16	132	2	1
16	133	2	-1
16	134	1	1
16	135	2	1
16	136	2	1
16	137	2	1
16	138	2	1
16	139	2	1
16	140	2	1
16	141	2	1
16	142	2	1
16	143	2	-1
16	144	1	1
16	145	2	1
16	146	2	1
16	147	2	1
16	148	2	1
16	149	2	1
16	150	2	1
16	151	2	1
16	152	2	1
16	153	2	1
16	154	2	1
16	155	2	1
16	156	2	1
16	157	2	1
16	158	2	1
16	159	2	1
16	160	2	1
16	161	2	1
16	162	2	1
16	163	2	1
16	164	2	-1
16	165	2	1
16	166	2	1
16	167	1	1
16	168	1	-1
16	169	2	1
16	170	2	1
16	171	2	1
16	172	2	1
16	173	2	1
16	174	2	1
16	175	2	1
16	176	2	1
16	177	2	1
16	178	2	1
16	179	2	1
16	180	2	1
16	181	2	1
16	182	1	-1
16	183	2	1
16	184	2	1
16	185	2	1
16	186	2	1
16	187	2	1
16	188	2	1
16	189	2	1
16	190	2	1
16	191	2	1
16	192	2	-1
16	193	2	1
16	194	2	1
16	195	2	1
16	196	2	1
16	197	2	1
16	198	2	1
16	199	2	-1
16	200	2	1
16	201	2	1
16	202	2	1
16	203	2	1
16	204	2	1
16	205	2	1
16	206	2	1
16	207	2	1
16	208	2	-1
16	209	2	-1
16	210	2	1
16	211	2	1
16	212	2	-1
16	213	1	-1
16	214	2	1
16	215	2	1
16	216	2	-1
16	217	2	-1
16	218	2	1
16	219	2	1
16	220	2	1
16	221	2	1
16	222	2	1
16	223	2	1
16	224	2	1
16	225	2	1
16	226	2	1
16	227	2	1
16	228	2	1
16	229	2	-1
16	230	2	1
16	231	2	1
16	232	2	1
16	233	2	1
16	234	2	1
16	235	2	1
16	236	2	1
16	237	2	1
16	238	2	1
16	239	2	1
16	240	2	-1
16	241	2	1
16	242	2	1
16	243	2	1
16	244	2	1
16	245	2	1
16	246	2	1
16	247	2	1
16	248	2	1
16	249	2	1
16	250	2	1
16	251	2	1
16	252	2	1
16	253	2	1
16	254	2	1
16	255	2	-1
16	256	2	1
16	257	2	1
16	258	2	1
16	259	2	1
16	260	2	1
16	261	2	1
16	262	2	1
16	263	2	1
16	264	2	1
16	265	2	1
16	266	2	-1
16	267	2	1
16	268	2	1
16	269	2	-1
16	270	2	1
16	271	2	1
16	272	2	1
16	273	2	1
16	274	2	1
16	275	2	-1
16	276	2	1
16	277	2	1
16	278	2	1
16	279	2	1
16	280	2	-1
16	281	2	1
16	282	2	1
16	283	2	1
16	284	2	1
16	285	2	1
16	286	2	1
16	287	2	1
16	288	2	1
16	289	2	1
16	290	2	-1
16	291	2	1
16	292	2	1
16	293	2	1
16	294	2	1
16	295	2	-1
16	296	2	1
16	297	1	1
16	298	2	1
16	299	2	1
16	300	2	1
17	1	2	1
17	2	1	-1
17	3	2	1
17	4	2	-1
17	5	2	1
17	6	1	-1
17	7	2	1
17	8	2	1
17	9	2	1
17	10	2	1
17	11	2	1
17	12	2	1
17	13	2	1
17	14	1	1
17	15	2	-1
17	16	2	1
17	17	2	1
17	18	1	-1
17	19	2	1
17	20	2	1
17	21	2	1
17	22	2	1
17	23	1	-1
17	24	2	1
17	25	2	1
17	26	2	1
17	27	2	1
17	28	2	1
17	29	2	1
17	30	2	1
17	31	2	1
17	32	2	1
17	33	2	1
17	34	2	1
17	35	1	-1
17	36	2	-1
17	37	2	1
17	38	2	1
17	39	2	1
17	40	2	1
17	41	2	1
17	42	2	-1
17	43	2	-1
17	44	2	-1
17	45	1	1
17	46	2	1
17	47	2	1
17	48	2	-1
17	49	2	-1
17	50	2	1
17	51	2	-1
17	52	2	-1
17	53	1	1
17	54	1	1
17	55	1	1
17	56	2	1
17	57	2	1
17	58	2	1
17	59	2	1
17	60	2	1
17	61	2	1
17	62	1	-1
17	63	2	1
17	64	2	1
17	65	2	1
17	66	2	1
17	67	2	1
17	68	2	1
17	69	2	1
17	70	2	1
17	71	1	-1
17	72	2	1
17	73	2	1
17	74	2	1
17	75	2	1
17	76	2	1
17	77	2	1
17	78	2	-1
17	79	2	1
17	80	2	-1
17	81	2	1
17	82	2	-1
17	83	2	1
17	84	1	-1
17	85	2	-1
17	86	2	1
17	87	2	1
17	88	2	1
17	89	2	1
17	90	2	-1
17	91	2	1
17	92	2	1
17	93	1	-1
17	94	2	1
17	95	2	1
17	96	1	-1
17	97	2	1
17	98	2	-1
17	99	2	-1
17	100	2	1
17	101	1	-1
17	102	2	1
17	103	2	1
17	104	2	-1
17	105	2	1
17	106	2	1
17	107	2	1
17	108	2	1
17	109	2	-1
17	110	2	1
17	111	2	1
17	112	2	1
17	113	2	1
17	114	2	-1
17	115	2	1
17	116	2	1
17	117	2	1
17	118	2	1
17	119	2	1
17	120	2	1
17	121	2	1
17	122	2	1
17	123	2	1
17	124	2	1
17	125	2	-1
17	126	1	1
17	127	2	1
17	128	1	1
17	129	2	1
17	130	2	1
17	131	2	1
17	132	2	1
17	133	1	-1
17	134	2	1
17	135	2	1
17	136	2	1
17	137	2	1
17	138	2	1
17	139	2	1
17	140	2	1
17	141	2	1
17	142	2	-1
17	143	2	1
17	144	2	1
17	145	1	1
17	146	2	1
17	147	2	-1
17	148	2	1
17	149	2	1
17	150	2	-1
17	151	2	1
17	152	2	-1
17	153	1	-1
17	154	2	1
17	155	2	1
17	156	2	-1
17	157	2	1
17	158	2	-1
17	159	1	1
17	160	2	1
17	161	2	1
17	162	2	1
17	163	1	1
17	164	2	1
17	165	2	1
17	166	1	-1
17	167	2	1
17	168	2	1
17	169	2	1
17	170	2	1
17	171	2	1
17	172	2	1
17	173	2	1
17	174	2	1
17	175	2	-1
17	176	2	1
17	177	2	1
17	178	2	1
17	179	2	1
17	180	2	1
17	181	1	1
17	182	1	-1
17	183	2	1
17	184	2	1
17	185	2	1
17	186	2	1
17	187	2	1
17	188	2	-1
17	189	2	1
17	190	2	1
17	191	1	-1
17	192	2	1
17	193	2	1
17	194	1	-1
17	195	2	1
17	196	2	-1
17	197	1	-1
17	198	2	1
17	199	2	-1
17	200	2	1
17	201	2	-1
17	202	2	1
17	203	2	1
17	204	2	1
17	205	2	-1
17	206	2	1
17	207	2	-1
17	208	2	1
17	209	1	1
17	210	2	1
17	211	2	1
17	212	2	1
17	213	1	1
17	214	2	1
17	215	2	1
17	216	2	1
17	217	2	1
17	218	2	-1
17	219	2	1
17	220	2	1
17	221	2	1
17	222	2	-1
17	223	2	1
17	224	2	1
17	225	1	1
17	226	1	1
17	227	2	1
17	228	2	1
17	229	2	1
17	230	2	-1
17	231	2	-1
17	232	2	1
17	233	1	1
17	234	1	1
17	235	2	1
17	236	2	1
17	237	2	-1
17	238	2	1
17	239	2	1
17	240	2	1
17	241	1	1
17	242	1	1
17	243	2	-1
17	244	1	1
17	245	2	-1
17	246	1	1
17	247	1	1
17	248	1	-1
17	249	1	1
17	250	1	1
17	251	1	-1
17	252	2	-1
17	253	1	1
17	254	1	1
17	255	2	1
17	256	2	1
17	257	1	1
17	258	1	1
17	259	1	-1
17	260	1	1
17	261	1	1
17	262	1	1
17	263	1	-1
17	264	2	-1
17	265	2	1
17	266	1	1
17	267	2	1
17	268	1	-1
17	269	2	1
17	270	1	-1
17	271	1	1
17	272	2	-1
17	273	2	-1
17	274	2	-1
17	275	2	1
17	276	2	1
17	277	2	1
17	278	2	1
17	279	1	-1
17	280	2	1
17	281	2	1
17	282	2	1
17	283	2	1
17	284	2	1
17	285	2	1
17	286	2	1
17	287	2	1
17	288	2	-1
17	289	1	-1
17	290	2	1
17	291	2	1
17	292	1	-1
17	293	1	-1
17	294	2	1
17	295	2	-1
17	296	2	1
17	297	2	1
17	298	1	1
17	299	2	-1
17	300	2	1
18	1	1	-1
18	2	1	1
18	3	1	-1
18	4	2	-1
18	5	1	1
18	6	2	1
18	7	2	1
18	8	2	1
18	9	2	1
18	10	1	-1
18	11	2	1
18	12	2	-1
18	13	2	1
18	14	2	1
18	15	2	1
18	16	1	1
18	17	2	1
18	18	2	1
18	19	2	1
18	20	1	1
18	21	2	1
18	22	2	1
18	23	2	1
18	24	1	-1
18	25	1	1
18	26	2	1
18	27	2	1
18	28	2	1
18	29	2	1
18	30	2	1
18	31	1	-1
18	32	2	1
18	33	2	1
18	34	2	1
18	35	2	-1
18	36	1	-1
18	37	2	1
18	38	1	1
18	39	2	1
18	40	2	1
18	41	1	-1
18	42	1	1
18	43	1	1
18	44	2	1
18	45	2	1
18	46	2	1
18	47	2	-1
18	48	1	-1
18	49	2	1
18	50	2	-1
18	51	2	-1
18	52	2	1
18	53	1	-1
18	54	2	1
18	55	1	-1
18	56	1	-1
18	57	1	-1
18	58	2	1
18	59	2	1
18	60	2	1
18	61	2	1
18	62	2	1
18	63	1	1
18	64	2	1
18	65	1	1
18	66	2	1
18	67	1	-1
18	68	2	1
18	69	2	1
18	70	2	1
18	71	2	-1
18	72	2	1
18	73	2	1
18	74	2	1
18	75	2	-1
18	76	1	1
18	77	2	1
18	78	1	1
18	79	2	1
18	80	1	-1
18	81	2	1
18	82	2	1
18	83	2	1
18	84	2	1
18	85	1	1
18	86	2	1
18	87	1	-1
18	88	2	-1
18	89	2	1
18	90	1	1
18	91	2	1
18	92	2	1
18	93	2	1
18	94	2	1
18	95	1	-1
18	96	2	1
18	97	1	-1
18	98	2	1
18	99	2	1
18	100	2	1
18	101	2	1
18	102	2	1
18	103	1	-1
18	104	2	1
18	105	1	1
18	106	1	1
18	107	2	1
18	108	2	1
18	109	2	1
18	110	1	1
18	111	1	1
18	112	2	1
18	113	1	1
18	114	2	-1
18	115	1	-1
18	116	1	1
18	117	2	1
18	118	2	1
18	119	1	1
18	120	2	1
18	121	2	1
18	122	2	1
18	123	1	1
18	124	2	1
18	125	2	1
18	126	1	-1
18	127	1	-1
18	128	1	1
18	129	2	1
18	130	1	-1
18	131	2	1
18	132	1	-1
18	133	1	1
18	134	1	1
18	135	1	-1
18	136	2	1
18	137	2	1
18	138	2	-1
18	139	2	1
18	140	2	-1
18	141	2	1
18	142	2	1
18	143	2	1
18	144	1	1
18	145	1	1
18	146	1	-1
18	147	1	-1
18	148	2	1
18	149	2	1
18	150	1	1
18	151	2	1
18	152	2	1
18	153	2	1
18	154	2	-1
18	155	1	1
18	156	2	1
18	157	2	1
18	158	1	1
18	159	2	1
18	160	2	1
18	161	2	1
18	162	1	-1
18	163	2	1
18	164	2	1
18	165	1	-1
18	166	1	1
18	167	1	1
18	168	2	-1
18	169	1	1
18	170	1	1
18	171	1	-1
18	172	1	-1
18	173	1	-1
18	174	2	1
18	175	2	1
18	176	1	-1
18	177	1	-1
18	178	2	1
18	179	2	1
18	180	1	-1
18	181	2	1
18	182	2	1
18	183	2	1
18	184	1	-1
18	185	2	1
18	186	2	1
18	187	2	1
18	188	1	-1
18	189	1	1
18	190	2	1
18	191	1	1
18	192	2	1
18	193	2	-1
18	194	2	1
18	195	1	-1
18	196	1	1
18	197	1	1
18	198	2	1
18	199	2	1
18	200	2	-1
18	201	1	1
18	202	1	1
18	203	1	1
18	204	2	-1
18	205	2	1
18	206	2	1
18	207	2	1
18	208	1	-1
18	209	2	1
18	210	2	1
18	211	1	-1
18	212	1	1
18	213	1	1
18	214	2	1
18	215	2	1
18	216	2	1
18	217	1	-1
18	218	2	1
18	219	1	-1
18	220	1	-1
18	221	1	-1
18	222	1	1
18	223	2	1
18	224	2	1
18	225	1	-1
18	226	2	1
18	227	1	1
18	228	2	1
18	229	2	1
18	230	1	-1
18	231	2	1
18	232	2	1
18	233	2	1
18	234	1	-1
18	235	2	1
18	236	2	-1
18	237	1	-1
18	238	2	-1
18	239	1	-1
18	240	2	1
18	241	1	-1
18	242	2	1
18	243	2	1
18	244	1	1
18	245	2	1
18	246	2	1
18	247	1	1
18	248	2	1
18	249	1	-1
18	250	2	1
18	251	2	1
18	252	1	1
18	253	1	-1
18	254	2	-1
18	255	1	1
18	256	2	1
18	257	2	1
18	258	1	-1
18	259	2	1
18	260	2	1
18	261	2	1
18	262	2	-1
18	263	2	1
18	264	1	1
18	265	2	-1
18	266	1	-1
18	267	2	1
18	268	2	1
18	269	2	1
18	270	2	1
18	271	2	1
18	272	2	-1
18	273	2	1
18	274	2	-1
18	275	2	1
18	276	2	-1
18	277	1	1
18	278	1	-1
18	279	1	1
18	280	2	1
18	281	1	1
18	282	2	1
18	283	2	-1
18	284	1	1
18	285	1	1
18	286	1	-1
18	287	2	1
18	288	2	-1
18	289	1	-1
18	290	2	1
18	291	1	1
18	292	1	1
18	293	2	1
18	294	1	-1
18	295	2	1
18	296	2	1
18	297	2	-1
18	298	1	1
18	299	1	-1
18	300	2	-1
19	1	2	1
19	2	2	1
19	3	1	1
19	4	1	-1
19	5	1	1
19	6	2	1
19	7	2	1
19	8	2	1
19	9	2	1
19	10	2	1
19	11	1	-1
19	12	2	-1
19	13	2	1
19	14	2	1
19	15	2	1
19	16	1	1
19	17	2	1
19	18	1	1
19	19	1	-1
19	20	2	-1
19	21	1	1
19	22	2	1
19	23	2	1
19	24	2	1
19	25	1	-1
19	26	1	-1
19	27	2	-1
19	28	1	-1
19	29	2	1
19	30	2	1
19	31	2	1
19	32	2	1
19	33	2	-1
19	34	2	1
19	35	2	1
19	36	2	-1
19	37	2	-1
19	38	2	1
19	39	1	1
19	40	2	-1
19	41	2	1
19	42	1	1
19	43	2	1
19	44	2	1
19	45	1	-1
19	46	2	1
19	47	2	-1
19	48	1	1
19	49	2	1
19	50	2	1
19	51	2	1
19	52	2	1
19	53	1	1
19	54	1	-1
19	55	2	1
19	56	2	1
19	57	2	1
19	58	2	1
19	59	2	1
19	60	2	-1
19	61	1	1
19	62	1	1
19	63	2	1
19	64	2	1
19	65	2	1
19	66	2	1
19	67	1	-1
19	68	1	-1
19	69	2	1
19	70	2	-1
19	71	1	1
19	72	1	1
19	73	1	1
19	74	1	1
19	75	1	-1
19	76	1	1
19	77	1	-1
19	78	2	1
19	79	2	1
19	80	2	1
19	81	2	1
19	82	1	-1
19	83	2	1
19	84	2	1
19	85	2	1
19	86	2	1
19	87	2	1
19	88	2	-1
19	89	2	1
19	90	2	1
19	91	2	1
19	92	2	-1
19	93	2	-1
19	94	2	1
19	95	2	-1
19	96	1	-1
19	97	2	1
19	98	2	1
19	99	2	-1
19	100	1	-1
19	101	2	-1
19	102	2	-1
19	103	1	-1
19	104	1	-1
19	105	1	1
19	106	2	1
19	107	1	-1
19	108	2	-1
19	109	1	1
19	110	2	1
19	111	2	1
19	112	2	1
19	113	2	-1
19	114	1	-1
19	115	2	1
19	116	2	1
19	117	2	1
19	118	2	1
19	119	2	1
19	120	1	1
19	121	1	-1
19	122	2	-1
19	123	1	-1
19	124	2	1
19	125	2	-1
19	126	2	1
19	127	2	1
19	128	2	1
19	129	2	1
19	130	1	-1
19	131	2	1
19	132	2	1
19	133	2	1
19	134	2	1
19	135	2	1
19	136	2	1
19	137	2	1
19	138	2	1
19	139	2	-1
19	140	2	1
19	141	2	1
19	142	2	1
19	143	2	1
19	144	2	-1
19	145	2	1
19	146	2	1
19	147	2	1
19	148	2	1
19	149	2	-1
19	150	2	1
19	151	2	1
19	152	2	-1
19	153	2	1
19	154	2	1
19	155	2	-1
19	156	2	1
19	157	1	-1
19	158	2	-1
19	159	1	-1
19	160	2	1
19	161	2	1
19	162	2	-1
19	163	2	1
19	164	2	-1
19	165	2	1
19	166	2	1
19	167	2	1
19	168	2	1
19	169	2	1
19	170	2	1
19	171	2	1
19	172	2	-1
19	173	2	1
19	174	2	1
19	175	2	1
19	176	2	-1
19	177	2	1
19	178	2	1
19	179	2	1
19	180	2	1
19	181	2	1
19	182	2	1
19	183	2	1
19	184	2	1
19	185	2	1
19	186	2	1
19	187	2	1
19	188	2	1
19	189	2	-1
19	190	2	1
19	191	2	1
19	192	2	-1
19	193	2	1
19	194	2	1
19	195	2	1
19	196	2	1
19	197	2	1
19	198	2	1
19	199	2	1
19	200	2	1
19	201	2	1
19	202	2	1
19	203	2	-1
19	204	1	-1
19	205	2	1
19	206	2	1
19	207	2	1
19	208	2	1
19	209	2	1
19	210	2	1
19	211	2	-1
19	212	2	1
19	213	2	1
19	214	2	1
19	215	2	1
19	216	2	1
19	217	2	-1
19	218	2	-1
19	219	2	1
19	220	2	1
19	221	1	-1
19	222	2	1
19	223	2	1
19	224	2	1
19	225	2	1
19	226	2	1
19	227	2	1
19	228	2	1
19	229	2	1
19	230	2	1
19	231	2	-1
19	232	2	1
19	233	2	1
19	234	2	1
19	235	2	1
19	236	2	1
19	237	2	1
19	238	2	1
19	239	2	1
19	240	2	-1
19	241	2	-1
19	242	1	1
19	243	2	1
19	244	1	-1
19	245	2	1
19	246	1	1
19	247	2	1
19	248	2	1
19	249	2	1
19	250	2	1
19	251	2	1
19	252	2	1
19	253	2	1
19	254	2	1
19	255	2	-1
19	256	1	1
19	257	2	1
19	258	2	1
19	259	2	1
19	260	1	1
19	261	2	1
19	262	1	1
19	263	1	1
19	264	1	-1
19	265	2	1
19	266	2	1
19	267	2	-1
19	268	2	1
19	269	1	-1
19	270	1	1
19	271	2	1
19	272	2	1
19	273	1	1
19	274	2	1
19	275	2	1
19	276	2	1
19	277	2	1
19	278	2	1
19	279	2	1
19	280	2	-1
19	281	1	-1
19	282	2	1
19	283	2	1
19	284	2	1
19	285	2	1
19	286	2	1
19	287	2	1
19	288	2	1
19	289	2	1
19	290	2	1
19	291	2	1
19	292	2	1
19	293	2	1
19	294	2	-1
19	295	1	1
19	296	1	-1
19	297	2	1
19	298	2	-1
19	299	2	1
19	300	2	-1
20	1	2	-1
20	2	1	1
20	3	2	1
20	4	2	1
20	5	2	1
20	6	1	1
20	7	2	1
20	8	2	1
20	9	2	1
20	10	1	1
20	11	1	1
20	12	2	1
20	13	1	1
20	14	2	1
20	15	1	-1
20	16	2	-1
20	17	2	1
20	18	2	1
20	19	2	1
20	20	2	1
20	21	2	1
20	22	2	1
20	23	2	1
20	24	2	1
20	25	2	1
20	26	2	1
20	27	1	-1
20	28	2	1
20	29	2	1
20	30	2	1
20	31	2	1
20	32	2	-1
20	33	1	-1
20	34	2	1
20	35	2	1
20	36	2	1
20	37	2	1
20	38	2	1
20	39	2	1
20	40	2	1
20	41	2	1
20	42	2	-1
20	43	2	1
20	44	2	1
20	45	2	1
20	46	2	1
20	47	2	1
20	48	2	-1
20	49	2	1
20	50	2	1
20	51	2	1
20	52	2	-1
20	53	2	1
20	54	2	1
20	55	2	1
20	56	2	1
20	57	2	1
20	58	2	1
20	59	2	1
20	60	2	-1
20	61	2	-1
20	62	1	1
20	63	1	-1
20	64	1	1
20	65	2	-1
20	66	1	1
20	67	1	-1
20	68	2	1
20	69	2	1
20	70	2	1
20	71	2	1
20	72	1	1
20	73	2	1
20	74	2	1
20	75	2	1
20	76	2	1
20	77	2	-1
20	78	2	1
20	79	1	-1
20	80	2	1
20	81	2	1
20	82	1	1
20	83	2	1
20	84	2	1
20	85	2	1
20	86	2	-1
20	87	1	1
20	88	2	1
20	89	1	-1
20	90	2	-1
20	91	2	1
20	92	2	1
20	93	1	1
20	94	1	-1
20	95	2	1
20	96	2	1
20	97	1	1
20	98	2	1
20	99	2	1
20	100	2	1
20	101	2	1
20	102	2	1
20	103	1	1
20	104	2	1
20	105	2	1
20	106	2	1
20	107	1	1
20	108	1	1
20	109	2	1
20	110	2	1
20	111	2	-1
20	112	1	-1
20	113	1	1
20	114	2	-1
20	115	2	1
20	116	1	1
20	117	2	1
20	118	1	1
20	119	1	1
20	120	1	1
20	121	1	1
20	122	1	1
20	123	2	1
20	124	1	1
20	125	1	-1
20	126	2	1
20	127	1	1
20	128	1	1
20	129	2	1
20	130	2	1
20	131	1	-1
20	132	2	1
20	133	2	1
20	134	2	1
20	135	1	-1
20	136	2	1
20	137	2	-1
20	138	2	1
20	139	2	1
20	140	2	1
20	141	2	1
20	142	2	-1
20	143	2	1
20	144	2	1
20	145	2	1
20	146	1	-1
20	147	2	-1
20	148	1	-1
20	149	2	-1
20	150	2	1
20	151	2	1
20	152	1	-1
20	153	2	-1
20	154	2	1
20	155	2	1
20	156	2	1
20	157	2	1
20	158	2	1
20	159	2	1
20	160	2	1
20	161	2	1
20	162	2	1
20	163	2	1
20	164	2	1
20	165	2	1
20	166	2	1
20	167	2	1
20	168	2	1
20	169	2	1
20	170	2	-1
20	171	2	1
20	172	2	1
20	173	2	1
20	174	2	-1
20	175	2	-1
20	176	2	1
20	177	2	1
20	178	2	1
20	179	2	-1
20	180	2	1
20	181	2	-1
20	182	1	1
20	183	2	1
20	184	2	1
20	185	2	-1
20	186	2	-1
20	187	1	-1
20	188	1	-1
20	189	2	1
20	190	2	1
20	191	2	1
20	192	2	1
20	193	2	-1
20	194	2	1
20	195	2	1
20	196	2	1
20	197	2	1
20	198	2	1
20	199	2	1
20	200	2	1
20	201	2	1
20	202	2	1
20	203	2	1
20	204	1	1
20	205	2	1
20	206	2	1
20	207	2	1
20	208	1	1
20	209	2	1
20	210	1	1
20	211	2	1
20	212	2	-1
20	213	1	1
20	214	1	1
20	215	1	1
20	216	2	1
20	217	2	1
20	218	1	1
20	219	2	-1
20	220	1	1
20	221	1	-1
20	222	2	-1
20	223	2	1
20	224	1	1
20	225	1	1
20	226	1	1
20	227	1	1
20	228	1	-1
20	229	2	1
20	230	1	1
20	231	2	1
20	232	1	-1
20	233	2	1
20	234	2	1
20	235	2	1
20	236	1	-1
20	237	2	-1
20	238	2	-1
20	239	1	-1
20	240	2	-1
20	241	1	1
20	242	2	1
20	243	2	1
20	244	2	1
20	245	2	1
20	246	2	1
20	247	2	1
20	248	2	1
20	249	2	1
20	250	2	1
20	251	1	-1
20	252	2	1
20	253	2	1
20	254	2	1
20	255	2	1
20	256	2	1
20	257	2	1
20	258	2	-1
20	259	2	1
20	260	2	1
20	261	2	-1
20	262	1	1
20	263	1	-1
20	264	2	1
20	265	1	1
20	266	1	1
20	267	1	1
20	268	2	-1
20	269	1	-1
20	270	2	-1
20	271	1	1
20	272	1	1
20	273	1	1
20	274	1	-1
20	275	1	1
20	276	1	1
20	277	1	-1
20	278	2	1
20	279	1	-1
20	280	2	-1
20	281	2	1
20	282	1	1
20	283	2	1
20	284	2	1
20	285	2	1
20	286	1	-1
20	287	2	1
20	288	2	1
20	289	2	-1
20	290	2	1
20	291	2	1
20	292	1	1
20	293	2	1
20	294	2	1
20	295	2	-1
20	296	1	1
20	297	2	1
20	298	2	-1
20	299	1	1
20	300	1	-1
21	1	2	1
21	2	1	-1
21	3	1	1
21	4	1	-1
21	5	1	-1
21	6	2	1
21	7	2	1
21	8	1	-1
21	9	2	1
21	10	2	1
21	11	2	-1
21	12	2	1
21	13	2	1
21	14	2	1
21	15	2	1
21	16	2	1
21	17	2	1
21	18	2	1
21	19	1	-1
21	20	2	1
21	21	2	1
21	22	2	1
21	23	2	1
21	24	2	1
21	25	2	1
21	26	2	1
21	27	2	-1
21	28	2	1
21	29	2	1
21	30	2	1
21	31	2	1
21	32	2	1
21	33	2	1
21	34	2	-1
21	35	2	1
21	36	2	1
21	37	2	-1
21	38	1	-1
21	39	2	1
21	40	2	-1
21	41	2	1
21	42	2	1
21	43	1	1
21	44	2	1
21	45	2	1
21	46	2	1
21	47	2	1
21	48	2	-1
21	49	1	1
21	50	2	1
21	51	2	1
21	52	2	1
21	53	2	1
21	54	2	1
21	55	2	1
21	56	2	1
21	57	1	-1
21	58	2	1
21	59	2	1
21	60	2	1
21	61	1	-1
21	62	2	-1
21	63	2	1
21	64	2	1
21	65	2	1
21	66	2	1
21	67	2	1
21	68	2	-1
21	69	2	-1
21	70	2	1
21	71	2	1
21	72	2	1
21	73	2	1
21	74	2	1
21	75	2	1
21	76	2	1
21	77	2	-1
21	78	2	1
21	79	2	1
21	80	2	-1
21	81	2	1
21	82	2	1
21	83	2	1
21	84	2	1
21	85	2	1
21	86	2	-1
21	87	2	1
21	88	2	1
21	89	2	1
21	90	1	-1
21	91	2	1
21	92	2	1
21	93	1	1
21	94	2	1
21	95	2	1
21	96	2	1
21	97	2	1
21	98	2	-1
21	99	2	1
21	100	1	1
21	101	2	1
21	102	2	-1
21	103	2	-1
21	104	1	-1
21	105	2	1
21	106	2	1
21	107	2	1
21	108	2	1
21	109	1	1
21	110	2	1
21	111	1	1
21	112	2	-1
21	113	1	-1
21	114	2	1
21	115	1	-1
21	116	2	-1
21	117	2	-1
21	118	2	-1
21	119	1	1
21	120	1	1
21	121	1	-1
21	122	2	1
21	123	1	1
21	124	2	1
21	125	2	1
21	126	2	1
21	127	2	1
21	128	2	-1
21	129	1	1
21	130	2	1
21	131	2	1
21	132	2	1
21	133	2	1
21	134	2	1
21	135	2	1
21	136	2	1
21	137	1	-1
21	138	2	-1
21	139	1	-1
21	140	2	-1
21	141	1	-1
21	142	2	1
21	143	2	1
21	144	2	1
21	145	1	1
21	146	2	1
21	147	2	-1
21	148	2	1
21	149	1	1
21	150	1	1
21	151	1	1
21	152	1	-1
21	153	1	1
21	154	2	1
21	155	2	-1
21	156	1	1
21	157	1	-1
21	158	2	1
21	159	1	-1
21	160	2	1
21	161	2	1
21	162	2	1
21	163	2	1
21	164	2	-1
21	165	2	-1
21	166	2	1
21	167	1	-1
21	168	1	1
21	169	2	1
21	170	1	1
21	171	1	1
21	172	1	-1
21	173	2	1
21	174	2	1
21	175	2	-1
21	176	2	1
21	177	2	1
21	178	2	1
21	179	2	1
21	180	2	1
21	181	2	1
21	182	1	1
21	183	2	1
21	184	2	-1
21	185	2	-1
21	186	1	1
21	187	1	-1
21	188	2	-1
21	189	1	-1
21	190	2	-1
21	191	1	1
21	192	1	-1
21	193	1	1
21	194	1	1
21	195	1	1
21	196	1	-1
21	197	1	1
21	198	2	1
21	199	1	1
21	200	1	1
21	201	2	1
21	202	1	-1
21	203	2	1
21	204	2	1
21	205	2	-1
21	206	2	1
21	207	2	1
21	208	1	-1
21	209	2	-1
21	210	1	-1
21	211	2	1
21	212	1	-1
21	213	2	-1
21	214	2	1
21	215	1	1
21	216	2	-1
21	217	1	1
21	218	1	1
21	219	2	1
21	220	2	-1
21	221	1	1
21	222	1	1
21	223	1	-1
21	224	1	-1
21	225	1	-1
21	226	1	-1
21	227	1	-1
21	228	2	1
21	229	2	1
21	230	2	1
21	231	2	1
21	232	2	1
21	233	2	-1
21	234	2	1
21	235	2	-1
21	236	2	1
21	237	2	1
21	238	2	1
21	239	2	1
21	240	2	1
21	241	1	-1
21	242	2	1
21	243	2	1
21	244	2	1
21	245	2	-1
21	246	1	1
21	247	1	-1
21	248	2	1
21	249	2	1
21	250	2	1
21	251	2	-1
21	252	1	-1
21	253	2	1
21	254	2	1
21	255	2	1
21	256	2	-1
21	257	2	-1
21	258	2	1
21	259	2	1
21	260	2	1
21	261	2	1
21	262	2	1
21	263	2	1
21	264	2	-1
21	265	2	-1
21	266	2	1
21	267	2	1
21	268	2	1
21	269	2	1
21	270	2	1
21	271	2	1
21	272	2	1
21	273	2	1
21	274	1	-1
21	275	2	1
21	276	2	-1
21	277	2	1
21	278	2	1
21	279	2	1
21	280	2	1
21	281	2	1
21	282	2	1
21	283	2	1
21	284	2	1
21	285	2	1
21	286	2	1
21	287	2	-1
21	288	2	1
21	289	2	1
21	290	2	-1
21	291	2	-1
21	292	2	1
21	293	2	1
21	294	2	1
21	295	2	-1
21	296	2	-1
21	297	1	-1
21	298	2	1
21	299	2	1
21	300	2	1
22	1	1	-1
22	2	2	-1
22	3	2	1
22	4	1	1
22	5	2	1
22	6	2	-1
22	7	1	1
22	8	1	-1
22	9	2	1
22	10	1	-1
22	11	1	-1
22	12	2	1
22	13	2	-1
22	14	2	1
22	15	2	1
22	16	2	1
22	17	2	-1
22	18	1	-1
22	19	2	-1
22	20	2	1
22	21	2	1
22	22	1	-1
22	23	2	1
22	24	2	1
22	25	2	1
22	26	2	1
22	27	2	1
22	28	2	-1
22	29	2	1
22	30	2	1
22	31	2	-1
22	32	2	1
22	33	2	1
22	34	2	1
22	35	2	1
22	36	2	1
22	37	2	1
22	38	2	1
22	39	2	1
22	40	2	1
22	41	2	1
22	42	2	1
22	43	2	1
22	44	2	-1
22	45	2	1
22	46	2	1
22	47	2	1
22	48	2	1
22	49	2	1
22	50	2	1
22	51	2	1
22	52	2	1
22	53	2	1
22	54	2	-1
22	55	2	1
22	56	2	-1
22	57	2	1
22	58	2	1
22	59	2	1
22	60	2	1
22	61	2	1
22	62	2	1
22	63	2	1
22	64	2	-1
22	65	2	1
22	66	2	1
22	67	2	-1
22	68	2	1
22	69	1	-1
22	70	2	1
22	71	2	1
22	72	2	1
22	73	2	1
22	74	2	1
22	75	2	1
22	76	2	1
22	77	2	-1
22	78	2	1
22	79	2	1
22	80	2	1
22	81	2	-1
22	82	2	1
22	83	2	1
22	84	2	1
22	85	2	1
22	86	2	1
22	87	2	1
22	88	2	-1
22	89	2	1
22	90	2	1
22	91	2	1
22	92	2	1
22	93	2	-1
22	94	2	1
22	95	2	1
22	96	2	-1
22	97	2	1
22	98	2	1
22	99	2	1
22	100	2	1
22	101	2	1
22	102	2	1
22	103	2	1
22	104	2	-1
22	105	2	1
22	106	2	-1
22	107	2	-1
22	108	2	1
22	109	2	1
22	110	2	-1
22	111	2	1
22	112	2	-1
22	113	2	1
22	114	2	1
22	115	2	-1
22	116	2	1
22	117	2	1
22	118	2	1
22	119	2	1
22	120	2	1
22	121	2	1
22	122	2	1
22	123	2	1
22	124	2	1
22	125	2	1
22	126	2	1
22	127	2	1
22	128	2	1
22	129	2	1
22	130	2	1
22	131	2	1
22	132	2	-1
22	133	2	1
22	134	2	1
22	135	2	1
22	136	2	1
22	137	2	-1
22	138	2	1
22	139	2	1
22	140	2	1
22	141	2	1
22	142	2	1
22	143	2	-1
22	144	2	1
22	145	2	1
22	146	2	1
22	147	2	1
22	148	2	1
22	149	2	-1
22	150	2	1
22	151	2	1
22	152	2	1
22	153	2	1
22	154	2	1
22	155	2	-1
22	156	2	1
22	157	2	1
22	158	1	-1
22	159	2	1
22	160	2	1
22	161	2	1
22	162	2	1
22	163	2	1
22	164	2	1
22	165	2	1
22	166	2	1
22	167	2	-1
22	168	2	1
22	169	2	1
22	170	2	1
22	171	2	1
22	172	2	1
22	173	2	1
22	174	2	-1
22	175	2	1
22	176	2	1
22	177	2	1
22	178	2	1
22	179	2	1
22	180	2	1
22	181	2	1
22	182	2	1
22	183	2	1
22	184	2	1
22	185	1	1
22	186	2	1
22	187	2	1
22	188	2	1
22	189	2	-1
22	190	2	1
22	191	2	-1
22	192	2	-1
22	193	2	1
22	194	2	1
22	195	2	1
22	196	2	-1
22	197	2	1
22	198	2	1
22	199	1	-1
22	200	2	-1
22	201	2	1
22	202	2	-1
22	203	2	1
22	204	2	1
22	205	2	1
22	206	2	1
22	207	2	1
22	208	2	1
22	209	2	1
22	210	2	1
22	211	2	-1
22	212	2	1
22	213	2	1
22	214	2	1
22	215	2	-1
22	216	2	1
22	217	2	1
22	218	2	-1
22	219	2	1
22	220	2	1
22	221	2	1
22	222	2	1
22	223	2	-1
22	224	2	1
22	225	2	1
22	226	2	1
22	227	2	1
22	228	2	-1
22	229	2	1
22	230	2	-1
22	231	2	1
22	232	2	1
22	233	2	1
22	234	2	-1
22	235	1	1
22	236	2	1
22	237	2	1
22	238	1	1
22	239	1	-1
22	240	2	-1
22	241	2	1
22	242	2	1
22	243	2	1
22	244	2	1
22	245	2	1
22	246	2	1
22	247	2	1
22	248	2	1
22	249	2	1
22	250	2	1
22	251	2	1
22	252	2	-1
22	253	2	1
22	254	2	1
22	255	2	1
22	256	2	1
22	257	2	-1
22	258	2	1
22	259	1	1
22	260	2	1
22	261	2	-1
22	262	2	1
22	263	2	1
22	264	1	-1
22	265	2	1
22	266	2	1
22	267	2	-1
22	268	2	1
22	269	2	-1
22	270	1	1
22	271	2	1
22	272	1	-1
22	273	2	1
22	274	2	1
22	275	2	1
22	276	2	1
22	277	2	1
22	278	2	-1
22	279	2	1
22	280	2	-1
22	281	1	-1
22	282	2	1
22	283	1	1
22	284	1	-1
22	285	1	-1
22	286	2	1
22	287	2	1
22	288	2	1
22	289	2	1
22	290	2	1
22	291	2	1
22	292	2	1
22	293	2	1
22	294	2	1
22	295	2	1
22	296	2	1
22	297	2	1
22	298	2	1
22	299	2	-1
22	300	2	1
23	1	1	1
23	2	1	1
23	3	1	1
23	4	1	-1
23	5	1	-1
23	6	1	1
23	7	2	1
23	8	1	-1
23	9	1	-1
23	10	2	1
23	11	2	1
23	12	1	1
23	13	1	1
23	14	1	1
23	15	1	1
23	16	2	1
23	17	1	-1
23	18	1	-1
23	19	1	-1
23	20	2	-1
23	21	2	-1
23	22	2	1
23	23	2	1
23	24	2	1
23	25	2	1
23	26	2	1
23	27	1	1
23	28	2	1
23	29	2	1
23	30	2	1
23	31	2	1
23	32	1	1
23	33	2	-1
23	34	2	1
23	35	2	1
23	36	2	1
23	37	2	1
23	38	1	1
23	39	2	1
23	40	2	1
23	41	1	1
23	42	2	1
23	43	2	1
23	44	2	1
23	45	2	1
23	46	1	1
23	47	2	1
23	48	2	1
23	49	1	-1
23	50	2	-1
23	51	2	1
23	52	1	1
23	53	1	1
23	54	2	1
23	55	1	1
23	56	1	-1
23	57	1	-1
23	58	2	1
23	59	2	-1
23	60	2	1
23	61	2	1
23	62	1	-1
23	63	2	1
23	64	1	-1
23	65	2	1
23	66	2	1
23	67	2	1
23	68	2	1
23	69	2	1
23	70	2	-1
23	71	2	-1
23	72	1	1
23	73	1	1
23	74	2	1
23	75	2	1
23	76	1	1
23	77	1	-1
23	78	2	1
23	79	2	-1
23	80	1	-1
23	81	2	-1
23	82	1	1
23	83	2	1
23	84	2	1
23	85	1	-1
23	86	2	1
23	87	1	1
23	88	2	-1
23	89	1	1
23	90	1	1
23	91	1	-1
23	92	1	1
23	93	2	1
23	94	1	-1
23	95	2	1
23	96	2	1
23	97	2	-1
23	98	2	1
23	99	2	-1
23	100	1	1
23	101	2	1
23	102	2	-1
23	103	2	1
23	104	2	1
23	105	1	1
23	106	1	-1
23	107	1	1
23	108	2	1
23	109	1	1
23	110	2	-1
23	111	1	1
23	112	2	1
23	113	1	-1
23	114	2	-1
23	115	2	1
23	116	2	-1
23	117	2	1
23	118	1	1
23	119	2	1
23	120	2	-1
23	121	1	1
23	122	1	-1
23	123	1	-1
23	124	1	-1
23	125	1	-1
23	126	2	1
23	127	2	-1
23	128	1	-1
23	129	2	1
23	130	2	1
23	131	2	1
23	132	2	1
23	133	2	1
23	134	2	1
23	135	2	1
23	136	2	1
23	137	2	1
23	138	1	-1
23	139	2	1
23	140	2	1
23	141	2	1
23	142	2	-1
23	143	2	-1
23	144	2	1
23	145	2	1
23	146	2	1
23	147	2	1
23	148	2	1
23	149	2	1
23	150	2	-1
23	151	2	1
23	152	2	1
23	153	2	1
23	154	2	1
23	155	2	1
23	156	2	1
23	157	2	1
23	158	2	-1
23	159	2	1
23	160	2	1
23	161	2	1
23	162	2	1
23	163	2	1
23	164	2	-1
23	165	2	1
23	166	2	1
23	167	2	1
23	168	2	1
23	169	1	1
23	170	2	1
23	171	2	-1
23	172	2	1
23	173	2	1
23	174	2	-1
23	175	2	1
23	176	2	1
23	177	1	1
23	178	1	-1
23	179	1	-1
23	180	2	1
23	181	2	1
23	182	2	-1
23	183	2	1
23	184	2	1
23	185	2	1
23	186	2	1
23	187	2	1
23	188	1	1
23	189	2	1
23	190	1	-1
23	191	2	1
23	192	1	1
23	193	2	1
23	194	2	1
23	195	2	1
23	196	1	-1
23	197	2	1
23	198	1	-1
23	199	2	1
23	200	2	1
23	201	2	1
23	202	2	1
23	203	1	-1
23	204	2	1
23	205	2	1
23	206	2	-1
23	207	2	-1
23	208	2	1
23	209	1	-1
23	210	2	1
23	211	2	-1
23	212	1	-1
23	213	2	1
23	214	2	1
23	215	2	-1
23	216	2	1
23	217	2	1
23	218	2	1
23	219	2	1
23	220	2	-1
23	221	1	1
23	222	2	-1
23	223	1	1
23	224	1	1
23	225	2	1
23	226	2	1
23	227	2	1
23	228	2	1
23	229	2	1
23	230	2	1
23	231	2	1
23	232	1	1
23	233	2	1
23	234	1	1
23	235	2	-1
23	236	1	1
23	237	1	1
23	238	2	1
23	239	1	1
23	240	1	1
23	241	1	1
23	242	1	1
23	243	1	-1
23	244	2	1
23	245	2	1
23	246	2	-1
23	247	2	1
23	248	2	1
23	249	2	1
23	250	1	1
23	251	1	1
23	252	2	-1
23	253	1	1
23	254	2	-1
23	255	1	1
23	256	1	1
23	257	2	1
23	258	1	1
23	259	1	-1
23	260	1	1
23	261	1	1
23	262	1	1
23	263	1	1
23	264	2	1
23	265	1	1
23	266	1	-1
23	267	2	1
23	268	1	1
23	269	1	1
23	270	2	1
23	271	2	1
23	272	2	1
23	273	1	-1
23	274	1	-1
23	275	2	1
23	276	2	1
23	277	2	1
23	278	1	1
23	279	2	1
23	280	2	1
23	281	2	1
23	282	2	1
23	283	2	1
23	284	2	1
23	285	2	1
23	286	1	-1
23	287	2	1
23	288	2	1
23	289	2	-1
23	290	2	1
23	291	2	1
23	292	2	-1
23	293	2	1
23	294	2	1
23	295	2	1
23	296	2	1
23	297	2	1
23	298	2	-1
23	299	2	1
23	300	2	1
24	1	2	1
24	2	2	-1
24	3	1	-1
24	4	1	-1
24	5	1	-1
24	6	2	1
24	7	2	1
24	8	2	1
24	9	2	1
24	10	2	1
24	11	2	1
24	12	2	1
24	13	2	1
24	14	2	-1
24	15	2	-1
24	16	1	-1
24	17	2	1
24	18	2	-1
24	19	2	1
24	20	2	1
24	21	2	1
24	22	2	1
24	23	2	1
24	24	2	1
24	25	2	1
24	26	2	1
24	27	2	1
24	28	2	1
24	29	2	1
24	30	2	1
24	31	2	1
24	32	2	1
24	33	2	1
24	34	2	1
24	35	2	1
24	36	2	-1
24	37	2	1
24	38	2	1
24	39	2	1
24	40	2	1
24	41	2	1
24	42	2	1
24	43	2	1
24	44	2	1
24	45	2	1
24	46	2	1
24	47	2	1
24	48	2	1
24	49	2	1
24	50	2	-1
24	51	2	-1
24	52	1	-1
24	53	2	1
24	54	2	1
24	55	2	1
24	56	2	1
24	57	2	1
24	58	2	1
24	59	2	-1
24	60	2	-1
24	61	2	1
24	62	2	1
24	63	1	1
24	64	2	1
24	65	2	1
24	66	2	1
24	67	2	1
24	68	2	1
24	69	1	-1
24	70	1	-1
24	71	2	1
24	72	2	1
24	73	2	1
24	74	2	1
24	75	2	1
24	76	2	-1
24	77	2	1
24	78	2	1
24	79	2	1
24	80	2	1
24	81	2	-1
24	82	1	1
24	83	2	-1
24	84	1	-1
24	85	2	1
24	86	2	1
24	87	2	1
24	88	1	1
24	89	2	1
24	90	1	1
24	91	1	-1
24	92	2	-1
24	93	1	-1
24	94	2	1
24	95	2	-1
24	96	1	1
24	97	2	1
24	98	2	1
24	99	1	-1
24	100	2	-1
24	101	2	1
24	102	1	-1
24	103	1	-1
24	104	2	1
24	105	2	-1
24	106	2	1
24	107	2	1
24	108	2	1
24	109	2	1
24	110	2	1
24	111	2	1
24	112	2	1
24	113	2	1
24	114	2	1
24	115	2	1
24	116	2	1
24	117	2	1
24	118	1	-1
24	119	2	1
24	120	2	1
24	121	2	1
24	122	2	1
24	123	2	1
24	124	2	1
24	125	2	-1
24	126	2	1
24	127	1	1
24	128	2	1
24	129	2	1
24	130	2	1
24	131	2	-1
24	132	2	1
24	133	2	-1
24	134	1	-1
24	135	2	1
24	136	2	1
24	137	1	-1
24	138	2	-1
24	139	2	-1
24	140	1	-1
24	141	2	-1
24	142	2	1
24	143	1	-1
24	144	2	-1
24	145	2	1
24	146	2	1
24	147	2	1
24	148	2	1
24	149	2	-1
24	150	2	-1
24	151	2	1
24	152	2	1
24	153	2	1
24	154	2	1
24	155	2	1
24	156	2	1
24	157	2	1
24	158	1	1
24	159	2	-1
24	160	1	-1
24	161	2	1
24	162	1	-1
24	163	2	1
24	164	2	-1
24	165	2	1
24	166	2	1
24	167	2	1
24	168	2	1
24	169	2	-1
24	170	2	1
24	171	2	1
24	172	2	1
24	173	1	-1
24	174	2	1
24	175	1	-1
24	176	1	-1
24	177	2	1
24	178	2	-1
24	179	2	-1
24	180	2	1
24	181	2	-1
24	182	2	-1
24	183	2	1
24	184	2	1
24	185	2	1
24	186	2	-1
24	187	2	1
24	188	2	1
24	189	2	1
24	190	2	1
24	191	2	1
24	192	2	1
24	193	2	1
24	194	2	1
24	195	2	1
24	196	2	1
24	197	2	-1
24	198	1	1
24	199	1	-1
24	200	1	-1
24	201	2	1
24	202	2	1
24	203	1	-1
24	204	2	1
24	205	2	1
24	206	2	1
24	207	2	1
24	208	2	1
24	209	1	1
24	210	2	-1
24	211	2	1
24	212	2	-1
24	213	2	1
24	214	1	-1
24	215	2	1
24	216	2	1
24	217	2	-1
24	218	1	-1
24	219	2	1
24	220	2	1
24	221	2	1
24	222	2	-1
24	223	1	1
24	224	1	1
24	225	1	-1
24	226	1	1
24	227	2	1
24	228	1	1
24	229	1	-1
24	230	1	1
24	231	2	-1
24	232	2	1
24	233	2	1
24	234	2	-1
24	235	2	1
24	236	1	-1
24	237	1	1
24	238	1	-1
24	239	2	1
24	240	2	1
24	241	2	1
24	242	2	1
24	243	2	1
24	244	1	-1
24	245	2	1
24	246	1	-1
24	247	2	1
24	248	1	1
24	249	2	-1
24	250	2	1
24	251	2	1
24	252	2	1
24	253	2	1
24	254	2	1
24	255	2	-1
24	256	2	-1
24	257	1	-1
24	258	1	1
24	259	1	1
24	260	1	1
24	261	1	-1
24	262	2	-1
24	263	1	-1
24	264	2	1
24	265	2	-1
24	266	1	-1
24	267	2	-1
24	268	1	1
24	269	1	-1
24	270	1	1
24	271	1	-1
24	272	1	1
24	273	1	-1
24	274	2	-1
24	275	2	1
24	276	1	-1
24	277	2	1
24	278	2	1
24	279	1	1
24	280	2	1
24	281	2	1
24	282	2	1
24	283	2	1
24	284	2	1
24	285	1	-1
24	286	2	1
24	287	2	1
24	288	2	1
24	289	2	1
24	290	2	-1
24	291	2	1
24	292	2	1
24	293	2	1
24	294	2	1
24	295	1	-1
24	296	1	1
24	297	2	1
24	298	1	-1
24	299	2	-1
24	300	2	1
25	1	2	1
25	2	2	1
25	3	2	-1
25	4	2	1
25	5	2	-1
25	6	2	1
25	7	2	1
25	8	2	1
25	9	2	1
25	10	1	-1
25	11	2	1
25	12	2	1
25	13	2	1
25	14	2	1
25	15	2	1
25	16	2	1
25	17	2	1
25	18	2	1
25	19	2	1
25	20	2	1
25	21	2	1
25	22	2	1
25	23	1	1
25	24	2	1
25	25	2	1
25	26	2	1
25	27	2	1
25	28	2	1
25	29	1	-1
25	30	2	-1
25	31	2	-1
25	32	2	1
25	33	1	1
25	34	2	1
25	35	2	1
25	36	2	1
25	37	2	1
25	38	1	1
25	39	2	-1
25	40	2	1
25	41	1	1
25	42	1	-1
25	43	2	1
25	44	1	-1
25	45	2	1
25	46	2	1
25	47	1	1
25	48	1	-1
25	49	1	1
25	50	2	1
25	51	2	1
25	52	2	1
25	53	2	1
25	54	2	-1
25	55	1	-1
25	56	1	-1
25	57	2	-1
25	58	1	-1
25	59	2	-1
25	60	2	1
25	61	2	1
25	62	2	1
25	63	1	1
25	64	2	1
25	65	2	-1
25	66	2	1
25	67	2	1
25	68	1	1
25	69	2	1
25	70	2	1
25	71	1	-1
25	72	2	1
25	73	2	-1
25	74	1	1
25	75	2	1
25	76	1	1
25	77	2	-1
25	78	1	1
25	79	1	-1
25	80	1	-1
25	81	1	1
25	82	1	-1
25	83	1	-1
25	84	2	1
25	85	2	-1
25	86	2	1
25	87	2	1
25	88	1	-1
25	89	2	1
25	90	1	1
25	91	2	1
25	92	2	1
25	93	2	-1
25	94	2	1
25	95	2	1
25	96	2	1
25	97	2	1
25	98	2	1
25	99	2	-1
25	100	2	1
25	101	2	-1
25	102	2	1
25	103	1	1
25	104	1	1
25	105	2	1
25	106	2	1
25	107	2	1
25	108	2	1
25	109	2	1
25	110	2	-1
25	111	2	-1
25	112	2	1
25	113	2	-1
25	114	1	-1
25	115	2	-1
25	116	2	1
25	117	2	1
25	118	2	1
25	119	1	1
25	120	1	-1
25	121	2	-1
25	122	1	1
25	123	1	-1
25	124	2	1
25	125	2	1
25	126	2	1
25	127	2	1
25	128	2	1
25	129	2	-1
25	130	2	1
25	131	2	1
25	132	1	-1
25	133	2	1
25	134	2	1
25	135	1	-1
25	136	2	1
25	137	2	1
25	138	2	1
25	139	2	1
25	140	2	1
25	141	2	-1
25	142	2	1
25	143	2	1
25	144	2	-1
25	145	1	1
25	146	2	1
25	147	2	1
25	148	2	1
25	149	1	1
25	150	2	1
25	151	2	1
25	152	2	1
25	153	2	1
25	154	2	1
25	155	2	-1
25	156	2	1
25	157	2	1
25	158	2	1
25	159	2	1
25	160	2	1
25	161	2	1
25	162	1	-1
25	163	2	1
25	164	1	-1
25	165	2	1
25	166	2	1
25	167	2	1
25	168	2	-1
25	169	2	-1
25	170	2	-1
25	171	1	1
25	172	2	1
25	173	2	1
25	174	1	-1
25	175	2	-1
25	176	2	1
25	177	2	1
25	178	2	1
25	179	1	1
25	180	2	-1
25	181	2	1
25	182	1	1
25	183	2	1
25	184	2	1
25	185	2	1
25	186	1	1
25	187	1	1
25	188	2	1
25	189	1	1
25	190	1	-1
25	191	2	1
25	192	2	1
25	193	2	1
25	194	2	1
25	195	2	-1
25	196	2	1
25	197	2	1
25	198	2	-1
25	199	1	-1
25	200	1	-1
25	201	2	1
25	202	2	1
25	203	1	1
25	204	2	1
25	205	2	1
25	206	2	-1
25	207	1	-1
25	208	2	1
25	209	2	1
25	210	2	1
25	211	2	1
25	212	2	1
25	213	2	1
25	214	2	1
25	215	2	1
25	216	2	1
25	217	2	1
25	218	2	1
25	219	1	1
25	220	2	1
25	221	2	1
25	222	2	-1
25	223	2	1
25	224	2	1
25	225	2	1
25	226	1	1
25	227	1	1
25	228	2	1
25	229	1	-1
25	230	2	1
25	231	2	1
25	232	2	1
25	233	2	-1
25	234	1	1
25	235	1	-1
25	236	2	1
25	237	1	1
25	238	2	-1
25	239	2	1
25	240	2	1
25	241	1	-1
25	242	1	-1
25	243	1	-1
25	244	2	1
25	245	2	1
25	246	2	1
25	247	2	-1
25	248	2	1
25	249	2	-1
25	250	2	-1
25	251	2	1
25	252	2	1
25	253	2	1
25	254	1	-1
25	255	2	1
25	256	1	1
25	257	2	-1
25	258	2	1
25	259	2	1
25	260	2	1
25	261	1	-1
25	262	2	1
25	263	2	1
25	264	2	1
25	265	2	1
25	266	2	1
25	267	2	-1
25	268	2	1
25	269	1	1
25	270	2	1
25	271	2	1
25	272	2	1
25	273	2	-1
25	274	2	1
25	275	1	-1
25	276	1	-1
25	277	2	1
25	278	2	1
25	279	2	1
25	280	2	1
25	281	2	1
25	282	2	1
25	283	2	1
25	284	1	-1
25	285	2	1
25	286	2	1
25	287	2	1
25	288	2	1
25	289	2	1
25	290	2	-1
25	291	2	1
25	292	2	1
25	293	2	1
25	294	2	1
25	295	2	1
25	296	2	-1
25	297	2	-1
25	298	2	1
25	299	2	-1
25	300	2	1
26	1	1	1
26	2	2	1
26	3	2	1
26	4	1	1
26	5	1	-1
26	6	1	-1
26	7	2	-1
26	8	2	1
26	9	2	1
26	10	2	-1
26	11	1	-1
26	12	2	1
26	13	2	1
26	14	2	-1
26	15	2	1
26	16	2	-1
26	17	2	1
26	18	2	1
26	19	2	1
26	20	2	1
26	21	1	-1
26	22	2	1
26	23	2	-1
26	24	2	1
26	25	2	-1
26	26	2	1
26	27	2	1
26	28	2	-1
26	29	1	-1
26	30	2	1
26	31	2	1
26	32	2	1
26	33	2	1
26	34	2	1
26	35	2	1
26	36	2	1
26	37	2	1
26	38	2	-1
26	39	2	1
26	40	2	1
26	41	2	1
26	42	2	1
26	43	2	1
26	44	2	1
26	45	2	1
26	46	2	-1
26	47	2	1
26	48	2	1
26	49	2	-1
26	50	2	1
26	51	2	1
26	52	2	-1
26	53	2	-1
26	54	1	-1
26	55	2	1
26	56	2	-1
26	57	2	1
26	58	2	1
26	59	2	1
26	60	2	1
26	61	2	1
26	62	2	1
26	63	2	1
26	64	2	1
26	65	2	1
26	66	2	1
26	67	2	1
26	68	2	-1
26	69	2	-1
26	70	2	-1
26	71	2	1
26	72	2	1
26	73	2	1
26	74	2	1
26	75	2	-1
26	76	2	-1
26	77	2	-1
26	78	1	1
26	79	1	-1
26	80	1	-1
26	81	2	1
26	82	2	1
26	83	2	1
26	84	2	1
26	85	2	1
26	86	2	1
26	87	2	-1
26	88	2	1
26	89	2	-1
26	90	2	1
26	91	2	1
26	92	2	1
26	93	2	1
26	94	2	1
26	95	2	1
26	96	2	-1
26	97	2	1
26	98	2	1
26	99	2	1
26	100	2	1
26	101	2	1
26	102	2	1
26	103	2	1
26	104	2	1
26	105	2	-1
26	106	2	1
26	107	2	1
26	108	2	1
26	109	2	1
26	110	2	1
26	111	2	1
26	112	2	1
26	113	2	1
26	114	2	1
26	115	2	-1
26	116	2	1
26	117	2	1
26	118	2	1
26	119	2	1
26	120	2	1
26	121	2	-1
26	122	2	-1
26	123	1	-1
26	124	1	1
26	125	2	1
26	126	2	1
26	127	2	1
26	128	1	-1
26	129	2	1
26	130	2	1
26	131	2	1
26	132	2	1
26	133	1	1
26	134	1	-1
26	135	2	1
26	136	2	1
26	137	2	1
26	138	2	1
26	139	2	1
26	140	2	1
26	141	2	1
26	142	2	1
26	143	2	1
26	144	2	1
26	145	2	1
26	146	2	1
26	147	2	1
26	148	2	1
26	149	2	-1
26	150	2	1
26	151	2	1
26	152	2	1
26	153	2	1
26	154	2	1
26	155	2	1
26	156	2	1
26	157	2	1
26	158	2	1
26	159	2	1
26	160	2	1
26	161	2	-1
26	162	2	1
26	163	2	1
26	164	2	1
26	165	2	1
26	166	1	1
26	167	2	1
26	168	2	1
26	169	2	1
26	170	2	1
26	171	2	-1
26	172	1	-1
26	173	2	1
26	174	2	1
26	175	2	-1
26	176	2	-1
26	177	1	-1
26	178	2	1
26	179	1	-1
26	180	1	1
26	181	2	1
26	182	2	1
26	183	1	-1
26	184	1	1
26	185	2	1
26	186	2	1
26	187	2	1
26	188	1	-1
26	189	2	1
26	190	2	1
26	191	2	1
26	192	2	1
26	193	2	1
26	194	2	-1
26	195	2	-1
26	196	2	1
26	197	1	1
26	198	2	1
26	199	2	1
26	200	2	1
26	201	2	-1
26	202	1	-1
26	203	1	-1
26	204	1	-1
26	205	2	1
26	206	2	1
26	207	2	-1
26	208	2	-1
26	209	2	1
26	210	2	1
26	211	2	-1
26	212	2	1
26	213	2	1
26	214	2	1
26	215	2	1
26	216	2	1
26	217	2	1
26	218	2	1
26	219	2	1
26	220	2	1
26	221	2	-1
26	222	2	1
26	223	2	1
26	224	2	1
26	225	2	1
26	226	2	1
26	227	2	1
26	228	2	1
26	229	2	-1
26	230	2	1
26	231	2	1
26	232	2	1
26	233	2	1
26	234	2	1
26	235	2	1
26	236	2	-1
26	237	2	1
26	238	2	1
26	239	2	1
26	240	2	1
26	241	2	1
26	242	2	1
26	243	2	-1
26	244	2	1
26	245	1	-1
26	246	2	1
26	247	2	1
26	248	2	1
26	249	2	1
26	250	2	1
26	251	1	-1
26	252	2	1
26	253	2	1
26	254	2	1
26	255	2	1
26	256	2	1
26	257	2	-1
26	258	2	-1
26	259	2	1
26	260	2	1
26	261	1	1
26	262	2	1
26	263	2	1
26	264	2	1
26	265	2	1
26	266	2	1
26	267	2	1
26	268	2	-1
26	269	2	1
26	270	2	-1
26	271	1	-1
26	272	1	-1
26	273	2	-1
26	274	2	1
26	275	2	1
26	276	2	1
26	277	2	1
26	278	2	1
26	279	1	-1
26	280	2	1
26	281	2	1
26	282	2	1
26	283	2	1
26	284	2	1
26	285	2	1
26	286	2	1
26	287	2	-1
26	288	2	1
26	289	2	1
26	290	2	1
26	291	1	1
26	292	1	1
26	293	2	-1
26	294	2	1
26	295	2	-1
26	296	1	-1
26	297	2	1
26	298	2	1
26	299	1	-1
26	300	1	1
27	1	2	1
27	2	1	-1
27	3	1	1
27	4	1	-1
27	5	1	-1
27	6	1	1
27	7	2	1
27	8	2	1
27	9	1	1
27	10	2	1
27	11	2	1
27	12	2	1
27	13	2	1
27	14	2	-1
27	15	1	-1
27	16	1	1
27	17	2	1
27	18	2	1
27	19	2	1
27	20	1	1
27	21	2	1
27	22	1	1
27	23	2	1
27	24	2	1
27	25	1	1
27	26	1	-1
27	27	2	1
27	28	1	1
27	29	2	1
27	30	2	-1
27	31	2	1
27	32	2	1
27	33	1	1
27	34	1	1
27	35	1	-1
27	36	2	-1
27	37	1	1
27	38	1	-1
27	39	2	-1
27	40	2	1
27	41	1	-1
27	42	1	-1
27	43	2	1
27	44	1	1
27	45	2	1
27	46	2	1
27	47	1	-1
27	48	2	1
27	49	2	-1
27	50	1	1
27	51	1	1
27	52	2	1
27	53	2	1
27	54	2	1
27	55	2	1
27	56	2	1
27	57	1	1
27	58	1	-1
27	59	2	-1
27	60	2	1
27	61	1	1
27	62	2	1
27	63	1	1
27	64	1	-1
27	65	1	1
27	66	1	1
27	67	2	1
27	68	2	1
27	69	1	-1
27	70	2	1
27	71	1	-1
27	72	2	1
27	73	2	1
27	74	2	1
27	75	1	1
27	76	1	-1
27	77	2	-1
27	78	2	1
27	79	2	-1
27	80	2	1
27	81	2	1
27	82	1	-1
27	83	1	-1
27	84	2	1
27	85	2	1
27	86	2	1
27	87	2	1
27	88	2	1
27	89	2	1
27	90	2	1
27	91	2	1
27	92	2	1
27	93	2	1
27	94	2	-1
27	95	2	1
27	96	1	1
27	97	2	-1
27	98	1	1
27	99	2	1
27	100	1	1
27	101	1	-1
27	102	2	1
27	103	2	1
27	104	2	-1
27	105	2	1
27	106	1	-1
27	107	2	1
27	108	1	-1
27	109	2	-1
27	110	1	1
27	111	2	-1
27	112	2	-1
27	113	1	-1
27	114	2	1
27	115	2	1
27	116	1	-1
27	117	1	-1
27	118	1	-1
27	119	2	1
27	120	2	-1
27	121	2	1
27	122	2	-1
27	123	2	-1
27	124	2	-1
27	125	1	1
27	126	1	1
27	127	1	1
27	128	1	-1
27	129	1	1
27	130	2	1
27	131	1	1
27	132	1	-1
27	133	1	-1
27	134	2	1
27	135	2	1
27	136	2	1
27	137	1	-1
27	138	1	-1
27	139	2	-1
27	140	2	1
27	141	1	-1
27	142	2	1
27	143	2	1
27	144	1	-1
27	145	2	1
27	146	2	1
27	147	2	1
27	148	2	1
27	149	2	1
27	150	2	1
27	151	2	1
27	152	2	1
27	153	1	1
27	154	1	-1
27	155	2	1
27	156	2	-1
27	157	2	1
27	158	1	1
27	159	2	-1
27	160	2	1
27	161	1	1
27	162	2	1
27	163	2	1
27	164	2	1
27	165	2	-1
27	166	2	1
27	167	1	-1
27	168	2	1
27	169	1	1
27	170	2	-1
27	171	2	1
27	172	2	1
27	173	1	1
27	174	2	-1
27	175	2	1
27	176	2	1
27	177	2	1
27	178	1	1
27	179	2	1
27	180	2	1
27	181	1	1
27	182	2	1
27	183	2	1
27	184	2	1
27	185	1	-1
27	186	1	1
27	187	2	1
27	188	1	1
27	189	2	1
27	190	2	-1
27	191	1	1
27	192	1	1
27	193	2	1
27	194	1	1
27	195	2	1
27	196	2	1
27	197	2	1
27	198	2	1
27	199	1	-1
27	200	2	1
27	201	2	-1
27	202	1	-1
27	203	2	1
27	204	2	1
27	205	1	1
27	206	2	1
27	207	2	1
27	208	2	1
27	209	2	1
27	210	1	1
27	211	1	1
27	212	2	1
27	213	2	1
27	214	1	-1
27	215	2	1
27	216	2	-1
27	217	2	1
27	218	2	-1
27	219	2	1
27	220	1	-1
27	221	2	1
27	222	2	1
27	223	2	1
27	224	1	1
27	225	2	-1
27	226	1	1
27	227	2	1
27	228	2	1
27	229	2	-1
27	230	2	-1
27	231	2	1
27	232	1	1
27	233	1	-1
27	234	1	-1
27	235	1	-1
27	236	2	-1
27	237	2	1
27	238	2	1
27	239	2	1
27	240	2	1
27	241	2	1
27	242	2	1
27	243	1	-1
27	244	1	-1
27	245	2	1
27	246	1	1
27	247	1	-1
27	248	2	1
27	249	1	-1
27	250	2	-1
27	251	2	1
27	252	2	1
27	253	2	1
27	254	1	1
27	255	2	1
27	256	2	1
27	257	2	1
27	258	2	-1
27	259	2	1
27	260	2	-1
27	261	1	1
27	262	2	-1
27	263	1	-1
27	264	2	1
27	265	2	1
27	266	2	1
27	267	1	-1
27	268	2	-1
27	269	2	1
27	270	1	1
27	271	2	1
27	272	2	1
27	273	2	1
27	274	2	1
27	275	2	-1
27	276	2	-1
27	277	1	1
27	278	1	-1
27	279	1	1
27	280	2	1
27	281	1	1
27	282	1	1
27	283	1	1
27	284	1	1
27	285	2	-1
27	286	1	-1
27	287	1	-1
27	288	2	-1
27	289	2	-1
27	290	2	1
27	291	1	1
27	292	2	1
27	293	1	-1
27	294	2	-1
27	295	2	1
27	296	2	1
27	297	2	1
27	298	2	1
27	299	1	-1
27	300	2	1
28	1	2	1
28	2	2	-1
28	3	2	1
28	4	2	1
28	5	2	-1
28	6	2	1
28	7	1	-1
28	8	2	1
28	9	2	1
28	10	2	1
28	11	2	1
28	12	2	1
28	13	1	-1
28	14	2	1
28	15	1	1
28	16	2	1
28	17	2	1
28	18	2	1
28	19	1	1
28	20	1	1
28	21	1	1
28	22	1	1
28	23	2	1
28	24	1	-1
28	25	1	1
28	26	2	1
28	27	2	1
28	28	2	-1
28	29	1	-1
28	30	2	1
28	31	2	-1
28	32	2	1
28	33	2	1
28	34	1	-1
28	35	2	-1
28	36	1	-1
28	37	2	1
28	38	1	-1
28	39	2	-1
28	40	1	1
28	41	1	-1
28	42	2	1
28	43	2	1
28	44	1	-1
28	45	1	1
28	46	2	1
28	47	1	1
28	48	2	1
28	49	2	1
28	50	1	-1
28	51	1	1
28	52	1	-1
28	53	2	1
28	54	1	1
28	55	2	1
28	56	2	1
28	57	2	1
28	58	1	1
28	59	2	1
28	60	2	1
28	61	1	-1
28	62	2	1
28	63	2	1
28	64	2	-1
28	65	1	-1
28	66	1	-1
28	67	2	1
28	68	2	1
28	69	2	1
28	70	1	-1
28	71	2	-1
28	72	1	-1
28	73	2	1
28	74	2	1
28	75	2	1
28	76	1	1
28	77	2	1
28	78	1	1
28	79	1	1
28	80	1	-1
28	81	2	1
28	82	2	1
28	83	1	1
28	84	1	1
28	85	2	1
28	86	2	-1
28	87	2	1
28	88	2	1
28	89	1	1
28	90	2	1
28	91	2	1
28	92	1	1
28	93	2	1
28	94	1	-1
28	95	2	1
28	96	2	1
28	97	2	1
28	98	1	1
28	99	2	1
28	100	2	1
28	101	1	-1
28	102	1	1
28	103	2	1
28	104	2	1
28	105	1	-1
28	106	1	-1
28	107	1	1
28	108	2	1
28	109	2	1
28	110	2	1
28	111	2	1
28	112	1	1
28	113	2	-1
28	114	2	1
28	115	2	-1
28	116	1	-1
28	117	2	1
28	118	1	-1
28	119	2	1
28	120	2	1
28	121	2	1
28	122	1	1
28	123	1	1
28	124	2	1
28	125	2	-1
28	126	2	1
28	127	2	1
28	128	1	-1
28	129	2	1
28	130	2	1
28	131	2	1
28	132	2	1
28	133	2	1
28	134	2	1
28	135	2	1
28	136	2	1
28	137	1	1
28	138	1	1
28	139	2	1
28	140	1	1
28	141	1	1
28	142	2	1
28	143	2	1
28	144	2	1
28	145	2	1
28	146	2	1
28	147	2	1
28	148	2	1
28	149	2	1
28	150	1	-1
28	151	2	1
28	152	2	1
28	153	2	-1
28	154	2	1
28	155	1	-1
28	156	2	1
28	157	2	1
28	158	1	1
28	159	1	1
28	160	2	1
28	161	2	1
28	162	2	1
28	163	2	1
28	164	2	1
28	165	2	-1
28	166	2	1
28	167	1	-1
28	168	2	1
28	169	2	1
28	170	2	-1
28	171	2	1
28	172	2	1
28	173	2	-1
28	174	1	1
28	175	2	1
28	176	1	-1
28	177	2	-1
28	178	2	1
28	179	2	-1
28	180	1	-1
28	181	2	-1
28	182	2	-1
28	183	2	1
28	184	1	-1
28	185	2	1
28	186	1	1
28	187	2	1
28	188	2	-1
28	189	2	-1
28	190	2	1
28	191	2	-1
28	192	2	1
28	193	2	1
28	194	2	1
28	195	2	1
28	196	1	-1
28	197	1	-1
28	198	2	-1
28	199	2	1
28	200	2	1
28	201	2	-1
28	202	2	-1
28	203	1	-1
28	204	2	1
28	205	2	1
28	206	2	1
28	207	2	1
28	208	2	1
28	209	2	-1
28	210	1	-1
28	211	2	1
28	212	2	1
28	213	1	1
28	214	1	1
28	215	2	1
28	216	2	1
28	217	2	1
28	218	2	-1
28	219	1	1
28	220	1	-1
28	221	1	-1
28	222	2	1
28	223	2	1
28	224	2	1
28	225	2	1
28	226	1	1
28	227	2	1
28	228	2	1
28	229	2	1
28	230	2	1
28	231	2	1
28	232	2	1
28	233	1	1
28	234	2	1
28	235	2	1
28	236	2	1
28	237	1	1
28	238	2	1
28	239	2	1
28	240	1	1
28	241	2	1
28	242	2	1
28	243	1	1
28	244	1	-1
28	245	2	1
28	246	1	-1
28	247	2	1
28	248	2	-1
28	249	1	-1
28	250	2	1
28	251	2	1
28	252	2	1
28	253	1	-1
28	254	1	-1
28	255	2	1
28	256	2	1
28	257	2	1
28	258	1	-1
28	259	2	1
28	260	2	-1
28	261	1	1
28	262	2	1
28	263	1	-1
28	264	2	1
28	265	2	1
28	266	2	-1
28	267	2	1
28	268	2	1
28	269	2	1
28	270	2	-1
28	271	2	1
28	272	2	1
28	273	2	1
28	274	2	1
28	275	2	1
28	276	2	-1
28	277	1	1
28	278	2	1
28	279	2	1
28	280	2	1
28	281	2	1
28	282	2	1
28	283	2	1
28	284	2	-1
28	285	2	1
28	286	2	1
28	287	2	1
28	288	2	1
28	289	2	-1
28	290	1	1
28	291	2	1
28	292	1	1
28	293	2	1
28	294	2	1
28	295	2	1
28	296	1	-1
28	297	2	1
28	298	2	1
28	299	2	-1
28	300	2	-1
29	1	2	1
29	2	2	-1
29	3	2	1
29	4	1	1
29	5	2	1
29	6	1	-1
29	7	2	-1
29	8	1	-1
29	9	1	-1
29	10	2	1
29	11	2	-1
29	12	2	1
29	13	2	1
29	14	2	1
29	15	2	1
29	16	2	-1
29	17	2	1
29	18	2	1
29	19	2	1
29	20	2	1
29	21	2	-1
29	22	2	1
29	23	2	1
29	24	2	-1
29	25	2	1
29	26	2	-1
29	27	2	1
29	28	2	1
29	29	2	-1
29	30	1	-1
29	31	2	1
29	32	2	1
29	33	2	1
29	34	2	1
29	35	2	1
29	36	2	1
29	37	2	1
29	38	1	-1
29	39	2	1
29	40	2	1
29	41	2	-1
29	42	2	1
29	43	2	1
29	44	2	1
29	45	2	1
29	46	2	-1
29	47	2	1
29	48	2	1
29	49	2	1
29	50	2	1
29	51	2	1
29	52	2	1
29	53	2	1
29	54	2	1
29	55	2	1
29	56	2	1
29	57	2	1
29	58	2	-1
29	59	2	-1
29	60	2	-1
29	61	2	1
29	62	2	-1
29	63	1	1
29	64	1	-1
29	65	2	1
29	66	1	1
29	67	2	-1
29	68	2	1
29	69	2	1
29	70	2	1
29	71	2	1
29	72	2	1
29	73	2	1
29	74	2	1
29	75	2	-1
29	76	2	1
29	77	2	1
29	78	2	1
29	79	1	-1
29	80	2	-1
29	81	2	1
29	82	2	1
29	83	2	1
29	84	2	1
29	85	2	-1
29	86	1	1
29	87	2	1
29	88	2	1
29	89	2	1
29	90	2	1
29	91	2	-1
29	92	2	1
29	93	2	-1
29	94	2	1
29	95	2	1
29	96	2	-1
29	97	2	-1
29	98	1	-1
29	99	2	1
29	100	1	-1
29	101	2	-1
29	102	2	-1
29	103	1	-1
29	104	1	1
29	105	1	1
29	106	1	1
29	107	2	-1
29	108	1	1
29	109	1	-1
29	110	1	-1
29	111	1	-1
29	112	2	1
29	113	2	1
29	114	2	1
29	115	2	1
29	116	2	1
29	117	2	1
29	118	2	-1
29	119	2	-1
29	120	1	1
29	121	2	1
29	122	1	-1
29	123	1	1
29	124	1	1
29	125	2	1
29	126	1	1
29	127	1	-1
29	128	1	-1
29	129	2	-1
29	130	2	1
29	131	2	-1
29	132	2	1
29	133	2	1
29	134	2	1
29	135	2	1
29	136	2	-1
29	137	2	1
29	138	2	1
29	139	2	1
29	140	2	1
29	141	2	-1
29	142	2	1
29	143	2	-1
29	144	2	1
29	145	1	-1
29	146	2	1
29	147	2	1
29	148	2	1
29	149	2	1
29	150	2	1
29	151	2	1
29	152	2	1
29	153	2	1
29	154	2	1
29	155	2	1
29	156	2	1
29	157	2	1
29	158	2	1
29	159	2	1
29	160	2	1
29	161	2	-1
29	162	2	1
29	163	2	1
29	164	2	1
29	165	2	1
29	166	2	1
29	167	2	-1
29	168	2	1
29	169	2	1
29	170	2	1
29	171	2	-1
29	172	1	-1
29	173	2	1
29	174	2	1
29	175	2	-1
29	176	2	-1
29	177	2	1
29	178	2	1
29	179	2	1
29	180	2	1
29	181	2	-1
29	182	2	1
29	183	2	1
29	184	2	-1
29	185	2	1
29	186	2	1
29	187	2	1
29	188	2	1
29	189	2	-1
29	190	2	1
29	191	2	-1
29	192	1	-1
29	193	2	1
29	194	2	-1
29	195	2	1
29	196	2	1
29	197	2	1
29	198	2	1
29	199	2	1
29	200	2	1
29	201	2	-1
29	202	2	1
29	203	1	1
29	204	1	-1
29	205	2	-1
29	206	2	1
29	207	2	1
29	208	2	1
29	209	2	1
29	210	2	1
29	211	2	1
29	212	2	1
29	213	2	1
29	214	2	1
29	215	2	1
29	216	2	-1
29	217	2	1
29	218	2	1
29	219	1	1
29	220	2	1
29	221	2	1
29	222	2	1
29	223	2	1
29	224	2	1
29	225	2	1
29	226	2	1
29	227	2	1
29	228	2	1
29	229	2	1
29	230	1	-1
29	231	2	1
29	232	2	1
29	233	2	1
29	234	2	1
29	235	2	1
29	236	2	1
29	237	2	-1
29	238	2	1
29	239	2	1
29	240	2	1
29	241	2	1
29	242	2	1
29	243	2	1
29	244	2	1
29	245	2	1
29	246	2	-1
29	247	1	-1
29	248	2	1
29	249	2	1
29	250	2	-1
29	251	1	-1
29	252	2	1
29	253	2	1
29	254	2	1
29	255	2	1
29	256	2	1
29	257	2	1
29	258	2	1
29	259	2	1
29	260	2	1
29	261	2	1
29	262	2	1
29	263	2	1
29	264	2	1
29	265	2	1
29	266	2	1
29	267	2	1
29	268	2	1
29	269	2	1
29	270	2	1
29	271	2	1
29	272	2	1
29	273	2	-1
29	274	2	1
29	275	2	1
29	276	2	1
29	277	2	1
29	278	2	1
29	279	2	1
29	280	2	1
29	281	2	1
29	282	2	1
29	283	2	1
29	284	2	1
29	285	2	1
29	286	2	1
29	287	2	1
29	288	2	1
29	289	2	1
29	290	2	1
29	291	2	-1
29	292	2	-1
29	293	2	1
29	294	2	1
29	295	2	1
29	296	2	1
29	297	2	-1
29	298	2	1
29	299	2	1
29	300	2	1
30	1	1	-1
30	2	2	-1
30	3	2	1
30	4	2	1
30	5	2	1
30	6	1	1
30	7	2	1
30	8	2	-1
30	9	2	1
30	10	2	1
30	11	2	1
30	12	2	1
30	13	1	1
30	14	2	1
30	15	1	1
30	16	2	1
30	17	1	-1
30	18	2	1
30	19	2	1
30	20	2	1
30	21	2	1
30	22	2	1
30	23	2	1
30	24	2	1
30	25	2	1
30	26	2	1
30	27	2	-1
30	28	1	-1
30	29	1	-1
30	30	2	1
30	31	2	1
30	32	2	1
30	33	2	1
30	34	2	1
30	35	2	1
30	36	2	1
30	37	2	-1
30	38	1	1
30	39	2	1
30	40	1	1
30	41	1	1
30	42	2	1
30	43	2	1
30	44	1	-1
30	45	2	1
30	46	2	1
30	47	2	1
30	48	2	1
30	49	2	1
30	50	2	1
30	51	2	1
30	52	2	-1
30	53	1	-1
30	54	2	1
30	55	2	-1
30	56	2	-1
30	57	2	1
30	58	2	1
30	59	1	1
30	60	2	-1
30	61	1	1
30	62	2	1
30	63	1	-1
30	64	2	1
30	65	2	-1
30	66	1	-1
30	67	2	1
30	68	2	1
30	69	2	-1
30	70	2	1
30	71	1	-1
30	72	2	1
30	73	2	1
30	74	2	1
30	75	2	1
30	76	2	1
30	77	2	1
30	78	2	1
30	79	1	1
30	80	2	1
30	81	2	1
30	82	2	1
30	83	1	1
30	84	2	-1
30	85	1	-1
30	86	2	-1
30	87	2	1
30	88	2	1
30	89	1	1
30	90	2	1
30	91	2	1
30	92	1	1
30	93	1	1
30	94	2	1
30	95	2	1
30	96	2	1
30	97	2	1
30	98	1	1
30	99	2	-1
30	100	1	-1
30	101	1	1
30	102	2	1
30	103	2	-1
30	104	1	-1
30	105	1	-1
30	106	2	1
30	107	2	1
30	108	2	1
30	109	2	1
30	110	2	1
30	111	1	1
30	112	1	1
30	113	2	1
30	114	1	1
30	115	1	1
30	116	2	1
30	117	2	1
30	118	2	-1
30	119	1	1
30	120	2	-1
30	121	2	-1
30	122	1	1
30	123	1	1
30	124	1	1
30	125	1	-1
30	126	1	1
30	127	2	1
30	128	1	1
30	129	1	-1
30	130	1	-1
30	131	2	1
30	132	1	-1
30	133	1	1
30	134	2	-1
30	135	1	-1
30	136	2	1
30	137	2	1
30	138	1	1
30	139	1	-1
30	140	2	1
30	141	2	1
30	142	2	1
30	143	2	1
30	144	2	-1
30	145	2	1
30	146	2	1
30	147	2	1
30	148	2	1
30	149	2	-1
30	150	2	-1
30	151	1	-1
30	152	2	1
30	153	2	1
30	154	2	1
30	155	2	1
30	156	2	1
30	157	1	1
30	158	1	1
30	159	2	1
30	160	2	1
30	161	2	1
30	162	1	1
30	163	2	1
30	164	1	1
30	165	1	-1
30	166	2	1
30	167	1	-1
30	168	2	1
30	169	2	1
30	170	2	1
30	171	2	-1
30	172	1	1
30	173	1	-1
30	174	1	-1
30	175	2	1
30	176	2	-1
30	177	1	-1
30	178	1	-1
30	179	2	-1
30	180	1	-1
30	181	1	-1
30	182	2	1
30	183	2	1
30	184	2	1
30	185	2	1
30	186	2	1
30	187	2	1
30	188	2	1
30	189	2	1
30	190	2	1
30	191	2	1
30	192	2	1
30	193	2	-1
30	194	2	-1
30	195	1	1
30	196	2	1
30	197	1	1
30	198	2	1
30	199	2	1
30	200	2	-1
30	201	2	1
30	202	1	-1
30	203	2	1
30	204	2	1
30	205	1	1
30	206	1	1
30	207	2	1
30	208	1	1
30	209	2	1
30	210	2	1
30	211	1	1
30	212	2	-1
30	213	2	1
30	214	1	-1
30	215	2	1
30	216	1	1
30	217	1	-1
30	218	1	1
30	219	2	1
30	220	2	1
30	221	2	1
30	222	2	1
30	223	2	1
30	224	2	1
30	225	2	1
30	226	2	-1
30	227	2	1
30	228	2	1
30	229	2	1
30	230	2	1
30	231	2	1
30	232	1	-1
30	233	2	1
30	234	2	-1
30	235	1	1
30	236	1	1
30	237	2	-1
30	238	1	1
30	239	2	1
30	240	2	-1
30	241	1	1
30	242	1	1
30	243	2	1
30	244	1	-1
30	245	1	1
30	246	1	-1
30	247	2	1
30	248	2	1
30	249	2	1
30	250	1	1
30	251	2	1
30	252	1	1
30	253	1	-1
30	254	1	-1
30	255	2	1
30	256	2	1
30	257	2	1
30	258	2	1
30	259	2	1
30	260	2	1
30	261	2	1
30	262	2	1
30	263	2	1
30	264	1	-1
30	265	2	-1
30	266	2	-1
30	267	2	1
30	268	1	-1
30	269	2	1
30	270	1	-1
30	271	2	1
30	272	2	1
30	273	2	1
30	274	2	1
30	275	2	1
30	276	2	1
30	277	2	1
30	278	2	1
30	279	2	1
30	280	2	1
30	281	2	1
30	282	2	1
30	283	2	1
30	284	2	1
30	285	1	1
30	286	2	1
30	287	2	1
30	288	2	1
30	289	2	-1
30	290	2	1
30	291	2	1
30	292	2	1
30	293	2	1
30	294	2	1
30	295	1	1
30	296	2	1
30	297	1	-1
30	298	2	1
30	299	2	1
30	300	2	1
